2.18621	-18.7201
1.58379	-0.766676
-0.829074	-5.59031
1.27584	-2.7044
-6.89097	-4.60794
-2.49945	-6.2277
-1.43934	0.168297
4.59919	-3.32947
-0.00271505	-7.72628
2.62744	-3.69508
-0.880228	-7.68625
-0.323743	-2.11026
4.29177	-6.62348
-13.5194	-18.6483
-11.6636	-17.9784
-11.6134	-22.1234
-8.53669	-19.0129
-8.5766	-22.4663
-5.36008	-20.8119
0.718085	-12.7138
0.411417	-14.024
2.09563	-15.2179
3.02096	-15.7459
4.76681	-15.5481
6.37055	-15.1712
6.9789	-16.014
6.87724	-13.7329
9.29024	-18.4086
8.63999	-18.2619
3.57247	-10.215
1.59236	-18.7414
1.73055	-24.906
1.46594	-25.1258
1.04903	-30.175
-0.321912	-26.4429
-2.84065	-29.8081
-2.6397	-25.1023
-2.37164	-29.0892
4.04908	-21.6817
0.634971	-28.1837
-0.581906	-27.2922
-2.84806	-24.2454
-3.69583	-26.7099
-4.02947	-26.2258
-3.36855	-25.0908
-0.435866	-26.2089
6.93533	-27.0047
0.877722	-17.7415
-1.10097	-16.696
-0.744356	-21.8367
-0.438018	-23.9551
0.269506	-20.6755
3.57036	-23.9423
2.80536	-22.1152
2.83021	-7.98381
0.369175	-18.1151
0.0120545	-11.8645
-2.57633	-14.9935
-0.950018	-16.5252
-0.728284	-18.609
-3.95561	-20.5085
-4.71	-12.2912
-7.81365	-12.9428
-4.32926	-10.5666
-1.6789	-15.0906
-3.94775	-17.4621
-3.33898	-20.3132
-5.48557	-17.9606
-5.95964	-21.974
-2.61054	-24.4187
-1.57992	-26.8706
1.21511	-20.566
-4.35691	-18.3513
-4.13988	-11.6609
-4.81683	-12.6342
-5.94396	-10.1266
-2.85403	-10.2556
1.86756	-5.8514
-1.95885	-0.843771
-10.5332	-4.72421
-4.41003	-2.38894
0.271449	-8.38277
0.522719	-9.61019
2.24774	-6.34942
3.36297	-18.3241
2.92892	-14.5273
1.75771	-15.5274
-2.29343	-14.1908
1.2277	-17.2917
2.60087	-20.8433
0.975448	-14.2453
-1.67024	-11.8503
1.05706	-11.3103
2.73758	-3.76576
0.369339	-0.515338
-10.3741	-13.3793
-9.5329	-3.7074
-10.8323	-4.507
-10.1839	-1.83258
-13.5513	-2.93291
-11.852	-12.5258
0.895468	-10.7879
-1.30147	-9.69041
4.87883	-6.40835
5.84467	-7.44025
6.29796	1.81057
-0.701865	-0.240659
7.09491	-0.485296
6.08672	4.98242
1.20795	0.292968
1.03891	-7.90818
1.58417	-18.3105
5.72931	-14.0308
3.85522	-5.70707
-1.49766	-7.3157
-1.52262	-23.653
-4.93536	-22.3942
-3.6101	-18.9922
-3.07396	-22.2902
-3.71315	-23.7637
-5.79033	-19.2571
-6.30959	-10.1805
-10.051	-5.61782
-7.41816	-3.72428
-10.0327	-0.291074
-8.94923	3.17227
-10.1478	0.229199
-13.7509	-1.4072
-7.87655	2.62041
3.28321	-4.85439
-0.523047	-5.22708
-1.06109	-5.2828
5.5361	-4.70047
3.94176	4.03322
5.9731	-0.497998
5.06079	-5.35041
4.92177	-3.73647
6.11289	-9.66643
10.7679	-2.98618
6.85308	-13.0525
-3.76252	-19.1698
-5.72762	-9.95989
-5.38341	-5.53266
-2.32976	2.40277
-5.80694	-0.96005
-5.97348	-0.977532
-7.78602	0.0863611
4.24429	2.82924
-2.06545	0.0456454
-5.14884	6.95398
-1.00618	5.21818
1.30467	5.6869
5.35958	6.96373
0.645116	5.24849
4.79818	0.195546
1.84351	-5.59771
4.14318	-7.19931
-0.0924511	-4.63644
3.85187	0.545318
2.39538	-0.554737
-1.31499	-8.58906
-0.0771362	-5.91641
1.59355	-7.57629
0.100508	-1.72265
-0.437237	-1.75128
1.85189	-5.05249
1.8867	-0.911325
3.56088	1.67801
1.35287	-7.04827
4.45853	-7.06632
4.47814	-8.01057
4.55825	-3.84462
5.01025	-2.5063
-0.751948	1.86667
-6.86035	-16.3321
2.74246	-20.7622
-5.85885	-18.5951
-4.32237	-9.40945
-4.68423	-8.23706
-4.66033	-13.0784
-5.68396	-15.0029
-5.96357	-17.838
-3.42652	-18.2458
-5.13603	-21.8907
-2.32234	-21.4061
-1.71109	-26.3305
-0.339679	-28.8921
-0.151355	-26.3178
3.15465	-29.7584
4.34809	-25.4275
4.26579	-30.5959
3.16766	-22.9475
0.0321663	-27.2941
-1.1987	-23.943
-2.84602	-29.0326
-2.69409	-25.9396
-4.31368	-21.2374
-6.80617	-11.5952
-13.8337	-8.60712
-16.1868	-7.43041
-16.4033	-10.2541
-10.9698	-12.3994
-3.18338	-12.8061
-4.87553	4.61921
1.42037	-8.0691
-2.63635	-8.30803
-0.332757	-9.77297
-2.51582	-11.4658
0.698144	-15.8936
-0.526967	-18.4804
-2.11372	-20.1143
-4.0068	-19.7563
-3.58752	-19.2991
-4.37866	-15.5157
-5.24634	-13.7541
-5.53155	-10.8334
-5.30224	-7.8739
-4.97332	-8.1877
-4.55804	-9.01583
-5.89032	-8.57737
-4.41538	-9.44905
-4.34685	-12.831
8.17031	-14.6192
7.45224	-16.4743
8.54833	-15.0759
9.45784	-19.2337
8.83045	-18.3387
0.947898	-12.2994
-0.938586	-12.6664
1.85302	-14.6108
3.05446	-17.6408
5.83054	-16.9351
6.91743	-19.4002
5.43451	-21.6181
0.24768	-15.0688
0.633755	-18.4043
5.17651	-14.6873
2.17252	-19.9841
-0.646473	-11.3382
3.56943	-7.66867
4.74631	-10.3669
-2.349	-16.6609
-2.38869	-24.2992
5.299	-11.5324
-0.488038	-16.5718
-1.12138	-16.1849
-0.629198	-14.3235
2.11316	-6.89296
2.93543	-5.07526
5.93259	-2.13648
3.27201	-8.41815
-2.73025	-10.1944
9.60642	-6.63091
-5.84979	-11.5552
-7.3938	-8.02102
-7.81891	-8.9935
-6.59172	-9.65939
2.16275	-6.9697
5.29438	-10.5467
1.16882	-8.52177
-6.73852	-14.5002
-4.00725	-10.1676
-1.13453	-7.32872
2.38556	-7.33586
-6.79018	-8.01929
-1.76889	-17.9714
-7.86513	-12.0074
-3.58838	-7.96823
-4.84137	-0.903494
-10.9203	-7.22153
-10.2283	-10.4352
-14.6013	-8.47775
-14.3885	-2.48055
-9.47651	-8.24324
-11.3052	-12.4787
0.420231	-5.71773
-8.7873	-14.4553
-0.671909	-19.0428
-2.21809	-14.746
-7.3615	-13.0447
-3.0912	-11.2838
-5.99616	-0.0112568
-6.91246	-6.98853
-7.94784	-8.91895
2.9907	-6.86404
-1.42191	-6.52857
-7.30138	-9.324
0.757432	-10.7422
2.2695	-12.0746
2.08016	-2.78069
-2.36888	-12.1362
3.91479	-11.535
4.77427	-19.9572
5.4499	-21.3551
4.21582	-19.759
4.07796	-20.7375
-2.80076	-18.4769
-10.1821	-15.1268
-10.436	-15.5351
-2.8021	-19.7293
0.616981	-16.4889
4.03233	-20.7909
4.64588	-17.1067
4.86434	-14.503
2.4925	-7.79646
0.971685	-5.34106
5.29807	-10.7984
3.55531	-3.2553
-4.16067	-8.6789
3.58405	-5.86304
0.311312	-0.349048
3.26396	-2.84224
-8.77807	-15.8073
-5.04199	-12.0777
0.807066	-4.79152
3.78619	2.08978
-2.88794	1.2849
-3.11822	-6.50835
-2.93319	-3.74981
2.01968	-1.97192
0.817324	-6.72097
0.0901451	-11.2529
-7.34124	-13.6552
-3.30302	-11.9448
3.94385	-0.763125
0.48257	-8.40039
-2.97706	-11.3149
-1.90954	-9.44628
-0.189773	-7.95322
-3.25085	-7.29974
-2.63051	-8.4648
-0.209923	-7.71177
-0.439096	-10.5504
6.2336	-16.3889
7.17035	-17.8283
3.86867	-9.87185
4.40405	-9.8356
2.40712	-10.7571
0.213355	-11.5167
4.15112	-9.83417
3.22969	-6.33451
8.26277	-2.49209
14.0862	1.97329
8.87489	-0.427938
4.81649	-1.56264
5.38839	1.98606
-0.868519	-8.3191
2.15205	-4.80122
2.98503	-2.26472
0.0179773	-1.67852
-1.07297	-8.63324
1.12611	-5.74432
-2.02148	-2.93165
-2.06776	-17.7402
-2.3609	-20.9465
-2.45877	-25.816
-0.643418	-23.5177
-4.16877	-15.22
-1.87254	-10.3409
0.122095	-4.34394
-1.58093	-5.05807
-8.25449	-7.00507
-1.88997	-10.2703
-7.96384	-4.51607
-6.7352	-3.43247
-2.12899	-5.71324
-2.61692	-3.05847
0.421992	3.05848
-3.41596	-3.84204
-8.01192	-11.9454
-10.1456	-8.48413
-9.59532	-9.83742
-10.7173	-8.81811
-11.5178	-5.79877
-6.8641	-12.4789
-5.43197	5.27898
-4.71234	-2.59529
-3.32397	1.44711
-11.4225	-2.55386
-2.96192	-5.77861
-5.4095	-13.8827
0.302412	-20.1013
3.70374	-22.0456
9.9484	-6.94023
10.3336	-17.0526
6.56127	-17.6692
6.41275	-11.3789
0.399365	-11.7612
1.76522	-9.31596
-0.0714974	-7.43161
-2.27813	-14.9781
-3.87523	-10.2189
-7.97008	-9.80479
-6.63538	-7.01415
-9.47901	-4.73503
-4.96429	-4.21669
1.58276	-5.70286
-0.091986	-7.3943
-17.3924	-7.86
-0.0679287	-3.6982
-9.41224	-20.4227
-8.05738	-17.1266
-8.02446	-17.9724
-10.8797	-14.0901
-9.68126	-9.60492
-7.50903	-8.74381
0.313186	-4.35135
5.07336	-6.27419
4.79288	-2.87098
4.25997	-6.70796
-0.224685	-7.88951
-2.41327	-8.84945
-3.84427	-16.9717
4.72715	-19.3011
16.074	-10.2088
4.27217	-24.5931
0.611793	-23.8478
1.96745	-26.8542
1.48737	-21.4955
2.14143	-19.8225
-0.398674	-8.26703
-6.46228	-4.33455
-6.30421	-7.5141
-7.6995	-6.85162
-10.4425	-12.5705
-14.9162	-10.7001
-8.34162	-7.99398
-4.41837	-12.7335
0.288576	-18.2954
3.74099	-1.51405
-0.64527	-9.48945
7.99209	-4.3195
5.9772	-9.11711
-5.89329	-11.0441
-3.1177	-13.7042
-0.73897	-19.2156
-0.214627	-21.1765
0.622409	-20.5514
0.3166	-26.962
1.555	-30.5868
-0.164045	-22.9188
-1.53939	-19.4496
-1.08029	-20.5477
4.13655	-19.2787
6.32221	-19.6632
5.70418	-20.8372
3.74751	-22.1575
1.63504	-18.7663
5.1809	-13.7368
2.67791	-12.2356
3.50821	-16.2808
-0.104791	-10.7876
7.06654	2.60441
-12.5265	-6.25469
-12.125	-9.19434
-11.0443	2.51467
-14.2392	0.469376
-17.2739	2.71098
-9.60493	-1.86951
-13.619	-7.80279
1.32074	-2.10276
6.7314	0.545489
-1.02869	-4.06727
-6.29461	-5.63339
-2.15999	-4.26046
-9.41588	-0.733785
-3.82396	-5.21156
-3.05683	-7.1207
1.53638	-4.84424
-1.99571	-4.75019
-2.07077	1.6065
-2.0586	0.88273
-0.58078	-3.60222
0.337179	3.17989
7.46901	5.94017
4.92619	7.00556
4.95898	7.21454
10.9928	-6.43268
2.44268	-1.4283
4.78633	-4.05169
-2.65406	-3.86306
5.81301	-2.78834
0.644775	-8.06854
0.587631	-1.71956
0.643022	-7.16803
3.70889	-3.1125
2.39883	-3.23886
-1.18243	-8.00496
3.57081	-6.51688
0.162977	-3.17127
-1.32256	-3.36594
14.4229	5.52204
8.73194	-10.545
2.19993	-14.3305
3.1651	-12.8792
5.41323	-13.6658
3.70677	-8.42284
5.51298	-14.9508
11.4474	-23.6742
9.419	-19.2585
10.0132	-21.6683
2.52277	-17.1744
1.93351	-16.099
4.30664	-11.3038
2.41903	-3.4853
-0.358832	-6.8945
-6.92735	-6.02701
-8.44908	-5.89651
-12.6509	-13.0008
-9.54393	-8.10525
-8.30559	-10.5682
-7.07364	-23.675
2.64502	-21.07
1.56623	-26.1907
1.7458	-27.5667
2.27434	-26.9145
0.790918	-26.2528
2.10481	-25.638
-0.103182	-25.9548
3.15554	-21.6876
4.44122	-17.216
3.8416	-17.2013
5.26312	-21.0869
2.93449	-18.5715
5.57203	-20.4598
3.59102	-21.6106
0.868264	-19.8917
-2.07508	-19.0059
-1.18693	-12.2673
-4.79551	-14.6345
-8.47895	-10.9169
2.27647	-14.1869
0.808299	-15.0411
5.59925	-8.71358
-7.42991	-9.82496
-6.07098	-3.91759
-5.1879	-16.3151
-2.86753	-18.2136
-3.74842	-17.5702
-4.0069	-13.8993
-2.8335	-11.699
-4.79912	-8.58051
-12.1693	-5.46276
-7.35862	-12.9818
4.40416	0.711666
-0.315532	-13.8452
-0.959984	-19.4144
-3.74791	-15.8454
-4.82844	-14.7392
-0.646459	-12.3995
1.83896	-23.1728
-2.21171	-24.936
-1.61038	-24.6436
4.50965	-23.8539
4.12956	-18.3099
6.74267	-6.1557
2.54693	-7.24177
2.81982	-14.4478
0.304704	-16.6665
-3.09639	-21.87
0.161801	-14.1998
-3.80215	-12.8192
-3.58631	-8.40685
-7.45433	-9.55803
2.42394	-14.0185
6.30793	-15.1227
3.13814	-13.314
6.0729	-13.6061
3.78985	-17.8862
5.02914	-13.452
4.1639	-18.0613
-0.649587	-16.3265
-5.01294	-19.5283
-9.22446	-17.741
-6.31642	-13.6904
-3.80597	-13.6371
2.264	-14.1713
6.5849	-15.9886
4.59106	-22.0707
2.6279	-12.5809
2.20236	-10.9919
3.7785	-11.9191
6.20496	-5.66417
7.98652	-0.469343
7.33406	-3.75395
4.91962	-6.01109
7.63348	-4.83754
-2.42796	2.03728
-10.0988	-8.19187
3.15742	-5.26309
-2.28131	-18.8061
-0.667422	-30.0932
4.33817	-29.516
1.49293	-32.1689
2.95038	-28.1422
2.50459	-18.805
10.4485	-8.4522
6.26416	-10.7654
1.16774	-11.8233
-3.16245	-10.2322
1.42898	-7.92972
-1.11881	-13.8556
0.743008	-1.3188
-4.44447	-15.0726
-3.46879	-12.8273
-0.0703804	-16.8964
-2.4178	-15.0376
-2.54457	-19.2603
-1.74054	-16.3487
-6.62535	-10.9675
-2.17097	-11.8286
-4.53439	-5.00062
-11.8264	-11.4415
-3.7152	-6.8442
-8.9874	-8.00096
-8.74364	-12.9009
-1.46394	-5.34309
-3.67612	-7.86125
-7.39674	-6.02673
-3.04608	-1.10524
-2.59807	0.119039
-10.6116	-8.19869
1.63925	-6.01414
7.65835	-10.1635
4.02097	-4.3898
13.2985	-12.6047
-3.46777	-13.1443
-7.64594	-12.9434
-11.0949	-11.5943
-12.5796	-5.91671
-16.3392	-2.71763
-14.4981	-9.27567
-11.1605	-9.81473
-9.5941	-10.956
-12.9953	-10.3537
-14.4313	-9.31453
-13.944	-4.36072
-6.38876	-1.24216
-4.54746	-3.49876
-7.01853	-1.21567
-6.89625	-5.6278
-5.62526	-1.30012
-3.92062	-1.38668
0.326013	-6.65388
-1.60612	-11.2902
-2.05826	-15.5371
0.940751	-3.41053
-2.42326	-4.18866
-7.25027	-8.07715
-1.84202	-1.54672
-8.88384	-9.33613
1.51136	-1.7043
-2.0568	-2.25892
-4.91524	-6.66763
-2.1496	-3.80819
-7.51147	-3.03402
-10.1298	-3.0714
-4.15832	-9.12957
-17.3813	-3.49476
-8.15367	-3.00097
-11.9163	-1.24555
-11.2267	-5.89276
-11.559	-6.81722
-10.2149	-8.59627
-6.61068	-1.49349
-5.88156	-3.40844
-9.30147	-4.40104
0.494388	0.195402
-5.60071	-0.911122
3.52087	-4.50567
-4.33142	-6.0492
-0.950026	-5.97511
-2.11498	-8.40324
-0.467142	-3.35345
-1.06304	0.944966
6.55454	1.52879
-3.20691	-0.949023
-1.56566	-5.3964
-6.40244	-2.66027
2.66872	-3.91429
1.67345	2.6095
1.39474	-3.31254
1.06586	-5.27509
1.28253	-2.1035
1.92253	0.373761
6.66333	-1.65055
2.60287	-9.6744
5.05153	-18.1185
2.83682	-4.89632
-2.41267	-7.46542
-4.08857	-9.38377
-5.78	-11.4438
-9.90323	-6.33293
-9.5285	-8.13976
-12.6188	-6.11132
-8.00419	-11.6877
-1.87958	-4.03887
0.935977	-3.40413
-3.90816	-9.31059
-0.814002	-1.58246
-4.88272	-2.09518
-4.87946	-4.1737
-3.51679	-1.66746
5.09496	-8.23141
-6.81871	-4.94886
-9.09126	-7.52536
-8.90529	-1.81509
-7.71292	-3.88019
-1.60325	-8.74036
-0.866279	-12.1125
1.67193	-10.7884
0.0246404	-11.9375
0.79946	-13.2731
-4.03778	-15.3718
0.241442	-13.0879
-4.25682	-15.5748
-3.27519	-10.8962
-5.57643	-9.21894
-3.43414	-8.13894
-3.99094	-14.2787
-6.48649	-7.81459
-9.31102	-2.36431
-3.86475	-11.0817
-10.9667	-5.24353
-9.6354	-9.81307
-11.6421	-7.10118
-9.85562	-10.0274
-8.04072	-13.4388
-6.41055	-12.4054
-0.542429	-1.95511
-10.6424	-4.05533
-16.8675	-1.39562
-15.1162	-4.66214
-5.68688	1.15322
-6.43184	-1.96826
-6.41433	-10.0597
-9.42759	-7.29527
-2.72219	-6.03358
-0.458938	-3.69804
-6.77658	-3.63691
7.30882	-2.62983
-3.26425	-15.8105
4.90736	-17.6069
3.42627	-21.3223
1.05375	-20.1255
1.62797	-23.5595
-4.05781	-21.6252
-6.85305	-14.5077
-7.9538	-19.3514
-8.76758	-11.7094
-7.06193	-17.555
-3.79709	-15.4921
-2.78259	-14.9092
-6.78382	-7.63194
-2.22497	-10.39
-3.32062	-10.8102
2.66842	-16.5373
-0.87786	-12.9276
1.79772	-10.1497
-2.13938	-7.6566
-7.61626	-7.62069
-8.91103	-7.31112
-9.75669	-7.46686
-12.1096	-4.58406
-6.08574	-9.96481
-12.3934	-8.54798
-12.0904	-11.6722
-14.86	-12.5099
-12.934	-17.4511
-16.6964	-14.1716
-9.97119	-16.8829
-9.16557	-16.7383
-15.7692	-25.7015
-14.8962	-12.6206
-9.11591	-7.41759
-6.63937	-7.77742
-0.0883542	-9.46452
4.06847	-13.8184
4.19281	-20.8408
3.73972	-15.2739
0.134025	-13.3921
-0.825924	-8.43144
-3.50742	-3.34078
0.338962	-14.8841
1.501	-20.6662
2.77092	-18.4376
4.36106	-18.6275
5.90923	-19.1038
-0.704375	-11.8136
0.226915	-11.4412
5.10081	-4.96794
2.81091	-0.278529
4.29158	-4.37917
0.753501	-5.92661
5.54565	5.66037
3.03733	0.1028
-2.81638	2.16436
-4.86618	0.0524524
1.44411	-6.02312
4.32881	-3.70259
4.30816	-5.82466
3.19057	-2.70413
2.28911	-6.69521
3.41049	-6.94978
4.45325	-2.3194
-3.22872	-5.08923
-0.586526	-9.0506
2.68575	-3.698
4.8437	1.5912
2.15854	-4.98054
5.37661	-6.08278
3.97471	-4.03557
1.33714	-2.67633
3.59809	1.4816
7.55112	-6.4015
4.32942	-6.14466
3.9364	-2.34874
5.55185	-3.21876
3.68236	-1.60892
-6.73451	-15.4576
-4.07957	-5.14652
2.8575	1.44478
-3.07498	-7.36752
-11.3049	-6.98012
-10.195	-7.79081
-12.0322	-10.2213
-9.13791	-10.8085
-9.47175	-14.0461
-7.54445	-9.2115
-6.3812	-11.3209
4.96883	-13.2721
7.79151	-16.2826
6.05355	-17.9901
4.02349	-17.1217
4.63404	-21.2855
4.77304	-17.4431
4.47743	-16.0535
-2.11768	-13.3073
-6.63154	-14.8183
-5.97636	-11.7214
-1.95705	-17.013
-5.25235	-16.1398
-6.72982	-14.0414
-6.27857	-11.5764
-5.25253	-8.53182
-5.67351	-7.68496
-7.8179	-7.8373
-9.30731	-7.67908
-11.4602	-7.75578
-3.33364	-3.42044
0.864559	-8.94
-2.43073	-2.37327
-2.35672	-11.8136
-4.47413	-13.5292
-4.98103	-8.08753
-4.70656	-8.52856
-6.37455	-11.4812
-1.55778	-7.31555
-1.14396	-3.15716
-4.77801	-12.1002
2.37974	-19.7247
-5.47985	-11.6553
-5.04132	-17.0516
-6.41806	-10.0432
-4.64046	-10.0712
-5.21463	-7.36283
-4.16431	-10.4232
-0.0917991	-10.0825
-0.996979	-9.20793
-2.31782	-7.6843
-8.4178	-8.89171
-11.6412	-9.09544
-1.58497	-5.83427
-2.55061	-8.46178
-10.5637	-11.13
-8.57537	-7.54675
-4.65262	-3.31652
-3.85529	-7.83175
-6.87965	-17.942
-11.2747	-18.1583
0.487724	-7.73262
-0.629564	-11.8094
9.82121	-13.7708
0.725483	-26.7297
0.935237	-17.8084
2.09057	-23.441
5.90158	-22.1353
5.14342	-21.0407
4.09357	-21.2778
2.65784	-14.945
1.99656	-14.2425
2.38155	-20.5751
1.0448	-16.5877
-1.96682	-13.4565
-4.56615	-16.3228
-0.61082	-14.8926
-3.2493	-18.4825
1.31822	-11.5485
-2.76408	-9.56142
-5.34217	-6.44937
-11.4702	-10.9512
-10.4378	-7.2195
-8.63644	-7.80121
-4.38119	-5.02672
-10.0955	-10.7684
-3.29291	-7.27408
7.55734	-4.91501
3.16539	-17.575
-3.25028	-20.3485
-2.96262	-15.0732
-4.34525	-14.9852
-5.51766	-13.5968
-2.18974	-12.633
-12.5837	-4.82026
-7.83071	-2.42204
-6.10038	-6.03681
-4.3844	-6.12526
1.11946	-10.0373
-3.66018	-10.6135
-2.2358	-5.04138
2.69872	-7.48962
-1.23854	-11.569
-0.37392	-11.5598
-3.32381	-14.8648
3.92873	0.303997
-1.21243	-4.39303
5.66292	-9.45963
-8.68045	-8.11017
-7.4871	-8.71579
-0.928463	-8.00314
-2.8254	-9.29258
-4.82893	-6.90357
-3.73656	-8.4859
-0.348472	-8.74525
0.164234	-13.1086
-5.16877	-5.63278
-1.14659	-7.68913
-6.06711	-1.18689
-3.1373	-10.6775
1.96415	-24.5318
0.117351	-25.4754
-0.486826	-27.1599
-1.7561	-18.2644
-5.9078	-20.2218
-5.84751	-18.7878
2.79996	-19.9789
0.766966	-17.0298
6.25269	-5.6518
-0.956509	-2.50784
1.28872	-0.772093
0.927894	-1.61148
2.40716	-5.8615
3.76256	-7.22152
1.27658	-8.41356
-1.10063	-9.09883
2.34751	-6.71395
5.58675	-5.3904
1.58268	-11.1186
-7.57946	-15.2729
-8.53858	-12.4232
-6.82298	-10.4929
-4.43184	-8.30628
-3.56323	-12.7011
5.29381	-8.43426
-5.85697	-4.95702
3.56762	-8.71926
1.89016	-3.21829
5.90475	-3.81856
2.58153	1.17523
-0.0894527	-0.638829
-2.16175	-3.66538
3.80795	-1.65689
-1.01433	-16.1623
5.22971	-4.77044
0.415262	-1.39802
-0.850654	-6.63952
1.39144	-8.16881
4.64717	2.94702
8.19034	2.82485
1.26152	-7.87756
-0.19581	-14.9789
7.60905	-8.16763
11.835	-8.78645
-1.58504	-16.7311
2.25202	-20.2456
1.45927	-20.8588
4.61897	-25.9746
10.7541	-25.0862
4.44173	-14.2658
8.26939	-12.6309
4.47525	-5.84585
4.92407	-11.1198
-3.32278	-12.3703
1.5485	-15.0852
6.02418	-22.4019
-3.46829	-27.0277
-5.4315	-22.0576
-4.40114	-25.9731
1.43107	-15.5992
1.23754	-7.6783
1.00182	-16.6558
4.98996	-9.03629
-0.946308	-10.5538
0.540022	-5.61367
-1.43637	-7.12886
-0.242983	-16.4305
-3.14345	-18.7031
-2.20151	-20.8908
-2.09767	-16.6472
-1.84259	-15.786
-3.1363	-13.7483
-1.91352	-17.3333
-2.27001	-13.0095
-1.39621	-5.96973
6.74854	-1.55705
-0.115067	-6.7793
-2.06179	-1.68692
8.63402	-8.03489
2.58012	-17.4398
1.74237	-14.0709
-0.679219	-9.70295
-0.534257	-14.128
-6.43797	-12.6627
-4.48374	-14.4791
-2.26555	-14.9835
0.852087	-12.2778
0.672174	-12.9496
0.400871	-11.265
0.0762593	-11.5172
0.329891	-11.2816
-2.0788	-13.2998
-2.20513	-5.60387
4.6458	-6.95191
0.446602	1.96153
-6.04409	-1.46344
-2.72491	-6.13349
-1.52804	-0.739947
-6.79971	-12.4896
-5.11882	-14.5649
3.30426	-4.67477
5.01901	-18.2622
3.49643	-28.2363
1.33116	-24.4648
0.568862	-29.2008
1.19054	-25.1354
0.368438	-30.9712
2.83784	-27.4515
1.3194	-31.4349
1.84895	-27.5396
0.700736	-30.4118
0.0381978	-32.4031
-0.909648	-23.9499
-1.17919	-26.5379
-0.6112	-22.9927
-1.47931	-19.8782
-1.35702	-20.299
2.03889	-11.7427
9.7907	-21.8835
8.54171	-19.007
6.23756	-19.0616
7.44091	-16.8654
7.0906	-20.2105
7.59592	-15.5575
9.67774	-19.7986
8.57353	-16.2553
9.11069	-19.3225
5.20894	-16.8023
-0.996887	-16.6177
0.346599	-18.0441
-1.37678	-15.4442
-0.533106	-16.7304
-3.68607	-13.3429
-3.46835	-13.3522
-0.967696	-13.6568
-3.80905	-0.14034
2.15222	3.76972
4.07685	-5.11368
2.14165	-9.39874
5.91769	-14.7904
5.42649	-21.9145
4.87803	-23.4242
5.22656	-25.4639
3.53183	-16.7406
-4.65789	-7.74002
-3.25763	-9.62134
-2.71709	-11.3092
-2.4105	-16.2638
-7.71728	-9.16501
-11.3067	-10.6172
-11.8595	-8.24993
-12.2421	-11.1142
-12.9553	-10.4894
-11.732	-11.2713
-9.81422	-9.71707
-10.1287	-6.90901
-6.24697	-5.88939
-7.01355	-7.14641
-6.65184	-9.8947
-8.55946	-13.0579
-7.95733	-11.1161
-9.00009	-10.7434
-8.18612	-9.72889
-5.47812	-11.4633
-7.20461	-10.4118
-5.78428	-8.09586
-5.20391	-10.3417
-4.55078	-6.45264
-8.39935	-6.31457
-8.04671	1.62793
-4.54993	-5.20314
-3.76742	-8.47463
-0.934965	-14.012
-2.30385	-7.22817
5.86756	-4.32355
-3.37909	-10.328
-1.99715	-5.95509
-1.3524	-5.78581
-3.25368	-3.91813
-1.16463	-3.71773
-0.941893	-4.43624
-0.889672	-4.29359
1.9056	-1.5769
4.84402	-2.45238
11.7902	-2.92078
8.11545	0.703048
0.547299	1.83814
4.40811	-7.40215
-5.00909	-10.6915
-9.66111	-0.996701
-3.42722	-20.5326
-3.51967	-25.5206
-1.76653	-19.2062
0.441486	-14.0419
4.10358	-13.8414
5.34037	-17.7442
2.44672	-15.365
4.12701	-14.6152
0.934608	-11.7881
2.80091	-7.51536
-0.536162	-11.7998
0.634135	-2.53703
-5.22716	-1.39562
-6.92032	-5.4063
-3.67959	-2.1431
-0.561078	-4.20111
0.0613315	-2.47269
-1.25055	1.57135
-1.88964	-5.17042
-10.35	-11.9921
0.317333	-15.6616
-3.36044	-18.5804
-2.71673	-5.10259
-11.229	-8.19858
-4.74352	-8.49468
-3.09525	-19.3754
-5.07748	-20.4409
-7.19052	-18.0897
3.3732	-17.0311
-2.92599	-9.36798
-9.3815	-4.83946
-9.51594	-1.79806
-9.86281	-10.7699
-13.6195	-2.7457
-13.9513	-11.6817
-10.3901	-10.2963
-6.12244	-14.2679
-4.57853	-9.28528
2.56121	-0.561084
-1.8556	-13.6223
-1.62081	-8.08899
1.66504	-8.84624
-0.0540783	-7.81327
-0.215668	-8.62701
5.33841	-2.44394
3.39782	-6.29315
2.20164	-15.6653
9.66134	-8.11985
4.93234	-7.08225
9.16641	-19.6898
1.60649	-16.2342
2.89667	-9.50532
1.99608	-6.84441
-0.00659243	-6.24974
-0.268107	-11.942
-1.8677	-6.86367
6.09106	-1.34608
12.4988	0.321237
10.4643	1.76975
-14.5731	-8.71267
-7.74613	3.7734
-7.60293	1.14566
-13.6858	-8.44752
-12.41	4.00894
-10.844	-7.59187
-14.464	-6.83101
-7.16381	-4.78641
-8.30215	-6.97181
-4.99195	-3.41228
-2.70145	-9.07224
-1.96223	-4.09105
1.3133	-2.08763
5.00459	1.11044
0.0855355	-1.83075
4.68493	2.08099
-2.74064	-5.16453
-2.66193	-2.84425
0.515733	-8.97912
5.51144	-2.33261
3.21904	-7.05492
-0.793695	-11.448
-3.64895	-7.77359
5.52669	-11.464
-2.92188	-5.01197
0.173628	-7.65615
3.8054	-1.36576
2.71774	-3.34229
-1.30056	-5.27102
3.08397	-1.67323
5.05928	-16.6606
4.21118	-7.08457
-3.55838	-11.0696
-2.8166	-16.5168
-3.11617	-20.8286
-3.2935	-19.2144
-4.18285	-23.6142
-4.74917	-26.6837
-2.7996	-27.209
0.274437	-24.7314
0.888	-21.0188
-1.18522	-12.2049
-5.00438	-6.18172
6.09303	-11.2502
3.64782	-12.7587
1.70514	-9.22221
3.6988	-10.253
-8.68341	-0.726499
-3.53832	-7.96297
-10.5044	-4.10729
-12.0883	-1.45011
-14.4036	0.649874
-14.2076	-2.44271
-8.08777	0.665707
-3.6639	-6.26557
3.01737	-7.33167
1.12056	-7.1434
0.485197	-10.0899
-4.22391	-6.33188
-5.25569	-4.53008
-11.7243	-17.9085
4.44958	-2.14834
-9.61629	-4.41719
-13.7342	-2.49967
-13.4928	-2.01544
-12.6079	-0.675981
-3.45483	-2.02622
-1.55435	-11.9767
1.94932	-8.38982
0.231794	-16.4938
-10.8991	-13.9217
-7.43766	-13.7259
-3.78073	-11.9349
-6.89652	-8.0748
-8.94694	-8.5555
-7.54477	-5.80599
-9.48637	-6.04053
-7.79687	-3.83879
-6.88949	-9.0447
-5.65745	-9.92188
-5.62114	-13.1482
-3.85527	-11.2244
0.933065	-15.3337
2.98141	-9.51457
5.88037	-10.7893
2.37231	-11.1741
5.78806	-10.9257
3.95604	-13.401
6.85911	-12.5079
1.61365	-10.4257
3.82968	-9.7193
3.22118	-11.8986
-0.242498	-10.6743
-0.871316	-6.96287
-2.97316	-9.54577
-15.1693	-10.1794
-19.0275	-10.654
-17.6859	-6.79749
-21.6589	-7.67793
-19.4063	-5.48581
-22.0585	-8.09136
-18.4463	-7.32235
-15.6433	-10.5114
-7.15323	-8.17408
-1.89674	-6.71693
0.283285	-5.78057
-0.57652	-6.22358
1.98966	1.7761
6.71089	-4.20917
2.12693	-4.80992
2.07258	-13.77
2.85014	-16.5744
-0.228303	-18.7431
-3.89553	-14.302
-5.78674	-14.9139
-11.1803	-10.4235
-13.2517	-6.62611
-12.2818	-6.62051
-10.8277	-6.40427
-10.5029	-8.52569
-12.2262	-6.27819
-14.102	-7.1765
-13.3988	-6.49163
-13.1119	-5.32203
-9.79183	-5.2554
-13.0343	-5.16964
-9.41068	-5.47802
-13.5907	-1.29925
-11.2217	-7.42023
-6.76408	-6.22867
-6.42857	-8.03999
-3.4897	-6.37545
-1.46988	-6.9427
-2.24083	-7.91102
0.154514	-10.5123
6.14585	-13.6363
6.14531	-14.6232
7.72227	-18.5416
3.59559	-12.7862
4.65502	-17.2865
4.58077	-17.724
1.77123	-9.78792
0.411836	-13.569
5.66039	-12.1317
6.43963	-3.07317
0.491193	1.54858
-2.22065	-0.0304543
-7.70707	-7.50245
-9.67104	-8.91094
-4.14733	-16.1844
-6.64008	-12.7029
-2.21012	-8.71297
-0.789242	-7.92492
7.45104	-4.23227
0.394023	-20.7789
1.62534	-24.7086
-2.14389	-23.5494
-5.21022	-15.3465
1.6901	-27.2311
1.29742	-18.1211
-8.15029	-19.35
3.08294	-12.9559
-2.70173	-2.76893
-4.65185	-8.82345
-10.2262	-8.72007
-6.87288	-2.80393
-4.19169	-2.37525
6.38053	1.10006
0.921177	-16.0453
-4.24655	-11.0473
-0.168179	-10.3538
-6.53441	-10.4996
-10.2124	-3.72226
-2.22483	-15.4662
9.50549	-17.3486
-11.0898	-2.27563
-6.41282	-8.66997
-3.79074	-8.77018
-2.00797	-11.2311
-2.25824	-9.89211
-4.66868	-4.65802
-3.59689	-7.16499
-1.49806	-10.5487
-4.28803	-15.117
0.628433	-14.0084
4.74558	-3.79596
-5.9507	-9.58413
-7.76258	-11.8206
-7.26423	-12.3496
-8.37735	-12.8582
-11.6698	-5.61956
-4.2755	-18.1466
-4.86453	-13.3037
3.56003	-8.54563
0.904301	-17.9658
-0.608594	-26.5453
-1.05807	-19.4796
0.0483443	-19.9299
9.28924	-15.3268
3.04677	-8.84139
1.73125	-9.95511
0.160729	-1.92116
-8.46293	-9.12417
-1.13109	-11.7601
1.58863	-1.84567
-16.2729	-3.96575
-12.0816	3.75424
-16.6391	-10.2061
-1.1077	-6.93321
-2.11073	1.53707
-9.91852	-11.9642
-10.9294	-18.6973
-9.86905	-13.9847
-9.68894	-14.4298
-6.04826	-14.8345
-3.71607	-14.7525
-4.12481	-14.7955
-2.69391	-18.0983
3.93703	-12.9789
3.38925	-3.40096
4.96364	-4.71621
-19.1346	-14.1059
-12.5373	-8.67017
-1.73948	-5.82708
1.83417	-6.40851
6.43958	-1.63677
9.2694	-2.10581
-1.4301	-13.8033
-7.13637	-9.80214
-3.73686	-12.7036
-7.45545	-16.3746
-14.4252	-8.43986
-14.5443	-2.2433
-16.3209	-6.04381
-19.9349	-10.8698
-20.6028	-16.0261
-13.8418	-15.1055
-9.61028	-12.7662
-5.80631	-11.0022
-6.79509	-13.6227
-2.04317	-15.9653
-0.236947	-8.59819
4.98753	-2.53734
3.04785	-3.5443
3.38684	-7.88145
4.10933	-0.868618
-1.42588	-8.11834
-3.01508	-9.63554
0.441378	-7.61369
-2.76125	-8.67606
-0.747914	-7.74023
1.55803	-8.00012
-1.57533	-7.75014
2.31792	-2.66324
-2.95479	-2.3541
0.537457	-5.31433
-4.23155	-3.69233
-3.20059	-7.60284
-0.451118	-6.43677
-1.29239	-8.34387
-0.0255654	-6.66541
-0.21512	-6.26566
-6.45444	-7.04039
-1.35701	-7.05768
-2.36217	-5.18342
-6.44253	-0.982713
-8.40406	0.0931909
-2.45995	-9.79004
-7.89881	-3.83055
-9.4534	-1.53145
-12.1642	-3.98456
-14.9951	-4.26611
-12.0224	-4.59356
-13.5107	-5.2351
-13.1831	-2.66047
-8.82273	-5.46271
-11.5242	-3.81462
-6.70046	-3.44916
-5.78409	-6.88198
-4.42776	-8.41203
-0.31956	-11.7309
0.639492	-12.5298
0.51428	-15.1071
0.921235	-10.0443
-2.05636	-12.073
2.11324	-3.97811
3.35335	-3.81724
-8.83454	-7.66001
-17.1277	-6.5243
-18.4749	-3.33095
-10.2354	-1.4897
-4.30633	-7.14588
-5.23047	-2.02468
-8.72748	-5.45724
-8.08858	1.14983
-6.21058	3.00282
-6.07933	1.08063
-5.15956	-1.16751
-9.24421	-0.225303
-6.45612	0.672469
-6.09752	1.31706
-5.24005	0.736758
-7.07282	-1.61844
-2.14479	-2.38166
1.10126	-2.40722
2.12242	-9.02915
4.72472	-6.08198
4.93161	-13.7944
2.82215	-16.725
-1.26714	-18.3945
-0.116235	-26.7671
1.62193	-27.1546
-0.670059	-29.7547
0.850629	-28.8257
-0.667127	-29.7306
-0.297941	-31.9946
0.504019	-26.8094
0.758696	-28.5234
-1.16902	-24.0009
-2.3596	-27.2785
-2.35601	-25.4549
-1.14849	-26.1406
-1.22027	-27.5415
-1.22784	-21.7676
-4.52972	-16.1292
-12.8074	-5.14747
-15.7442	-1.82259
-14.7682	-6.91122
-15.5086	-10.8909
-16.9245	-10.6935
-15.9163	-9.54356
-23.521	-8.86401
-21.4336	-9.82548
-17.3525	-10.7985
-16.3851	-7.56707
-0.66493	-10.151
5.4669	4.74507
4.87967	-1.37781
4.82997	6.58168
-6.87345	4.03061
-9.65476	-6.89966
-4.27643	3.25086
-12.0241	-6.56968
-12.1941	-8.51892
-7.76941	-6.24099
-3.40472	-8.72347
3.746	2.64818
-3.46528	-7.48332
-0.0127096	-8.67747
-2.041	-10.8588
-0.0976698	-10.1836
1.55686	-12.8939
0.807701	-14.2126
0.588626	-16.853
-2.42148	-16.2661
-3.84322	-11.1757
-0.922192	-10.7179
4.32512	-19.8836
4.393	-6.42389
-3.16238	-10.4532
-3.56301	-15.2114
-12.9402	-10.4383
-22.1237	-16.1395
-7.42851	-1.22746
-11.8698	-8.53485
-1.37961	1.29101
-11.3681	-8.57894
-9.74223	-7.15012
-1.51424	-13.2746
1.86122	-17.0848
0.856274	-15.514
3.19546	-20.753
2.25598	-19.6882
1.65067	-13.525
-0.884392	-10.4621
0.943174	-21.9912
-0.558121	-24.565
1.21453	-19.2124
2.44389	-16.7979
-0.86494	-19.3966
-1.89243	-20.9341
0.877676	-21.896
1.60422	-19.147
6.29374	-14.9498
4.6627	-19.5437
8.56746	-2.77806
7.74978	-11.9936
6.99185	-10.903
3.29533	-9.84792
3.47322	-14.3288
-3.59194	-13.9774
-3.49119	-9.72622
0.4101	-5.44276
4.46144	-14.4567
-1.76868	-7.75961
2.94947	-8.59792
3.2345	-0.586213
1.00728	-12.5863
0.38805	-2.43168
-2.67685	-5.03556
-2.54607	-3.14517
2.46362	-1.28196
-0.792886	-13.3408
-3.32861	-1.32117
0.498849	-5.0629
8.84557	-2.15701
8.0843	-1.54431
4.76139	-13.4474
0.54883	-11.834
2.97859	-15.1399
5.40543	-10.0572
4.77425	-12.2325
-3.91261	-13.1985
-9.65925	-11.5448
-9.09299	-8.65592
-8.37037	-10.9261
-4.2183	-13.7591
0.597307	-10.9
-0.134494	-11.9156
3.38981	-13.4616
1.1619	-18.5925
3.62687	-27.1768
0.128656	-24.4449
1.05843	-26.8527
3.70231	-20.9942
0.159658	-15.1329
2.17045	-7.63346
7.09572	-1.37396
10.7821	0.513789
7.34057	0.280263
4.85126	1.08353
6.72982	-3.52969
-1.98716	-8.89019
-3.25284	-7.26181
-9.97631	-5.09045
-8.60188	-1.8093
-7.33348	-2.59078
-0.116074	-9.73643
1.89109	-11.2742
6.47883	-5.37223
-2.50903	-6.75907
-9.14258	-13.8351
-14.6036	-10.4633
-4.34731	-9.1902
-9.00483	-2.96952
-9.4436	-5.57145
-16.6814	-11.6222
-5.7645	-11.9246
-2.48719	-8.77269
7.3138	-10.0965
3.9448	-23.0579
-2.42745	-21.0539
-4.22893	-16.7012
-7.15542	-18.0452
-8.11313	-15.117
-8.26836	-13.7987
-8.9103	-13.0984
-7.57222	-10.9028
-9.03263	-11.6487
-8.0732	-9.06893
-6.16818	-10.0067
-8.23377	-8.8328
-5.56006	-10.1368
-9.48934	-5.76376
-10.1828	-6.84661
-12.0809	-3.98843
-11.9458	-2.87835
-10.1568	-6.08617
-11.4576	-6.33467
-11.6588	-6.44895
-14.4114	0.57055
-7.49506	-6.0434
-2.15186	-12.8208
-2.77688	-9.9549
1.81997	-6.51454
-0.530218	-8.50172
-1.85022	1.52314
-4.14002	1.64239
-12.537	0.918268
-11.3104	1.83077
-5.33871	-3.25521
-6.78358	1.665
-10.271	0.448471
-9.03268	-3.66055
-4.41519	-7.98158
-2.71764	-2.4243
-4.85402	-4.03309
-5.06096	-9.55302
-2.99697	-8.84938
-3.2419	-11.592
6.84148	-14.4903
6.11787	-16.2797
6.14007	-16.6755
8.00333	-19.2284
6.79412	-14.4611
5.60856	-21.1061
5.38493	-20.4517
6.69889	-25.1824
5.53177	-24.4653
2.49851	-23.0491
5.7549	-27.2525
5.66098	-15.6367
-1.60356	-12.972
-0.872603	-24.2595
-1.35708	-24.7663
-2.26657	-29.4787
-0.409024	-29.028
1.03303	-29.934
5.92309	-30.6617
4.79471	-24.2291
-0.171637	-11.094
8.53531	-11.8888
6.65761	-12.4903
-2.06052	-17.8134
-6.56591	-10.7013
-13.2119	0.897463
-13.5309	-5.90234
-3.93457	-9.66756
-1.51555	-7.22403
1.09368	-1.73905
2.81153	-9.46107
-3.1829	-9.99478
-11.2109	-8.0293
-8.32413	-10.7889
-4.25233	-15.2236
-4.9717	-15.2226
-2.32627	-11.1776
-0.647475	-8.45381
3.35373	-3.72139
-6.71337	-7.87391
-5.26089	-12.0688
-6.06575	-15.43
-1.32034	-7.38422
0.911451	-8.62836
2.14814	-20.3526
2.56137	-22.5188
2.01572	-16.6506
5.12441	-16.5736
4.65876	-20.0247
5.67144	-21.88
3.67705	-17.9062
5.36727	-20.7807
2.31545	-15.6218
-5.64303	-10.3092
-6.88575	-13.7178
-12.3911	-9.64243
-12.4974	-13.4915
-8.05926	-15.3094
-4.54855	-19.3123
0.0457441	-13.8426
-0.0514564	-15.5404
-0.491794	-15.9967
0.424906	-14.7135
1.05091	-15.6856
7.32041	-15.5987
6.80862	-18.0594
7.62469	-18.1408
10.1225	-19.8945
8.23046	-18.3935
2.96404	-12.0213
-1.71483	-9.55884
-1.02173	-8.83364
-2.75685	-6.87298
-3.32468	-7.37562
-2.88632	-6.78201
-0.770015	-12.5334
6.52422	-10.1656
6.9182	-11.7358
4.86927	-7.2349
1.3757	-8.32218
6.51431	-9.7286
4.50385	-4.13449
4.73423	-0.90198
-2.05227	-4.0923
3.74316	-4.83144
4.5593	-6.9193
3.66716	-6.6252
2.94165	-4.15337
4.19183	-12.4782
2.84479	-18.9075
-2.53936	-18.9969
-4.89741	-15.525
-5.08897	-20.6965
-4.31219	-13.7235
-1.99865	-15.2777
-0.992544	-13.5118
-2.34673	-11.464
0.802573	-8.77572
-2.29585	1.60341
1.96706	0.0643949
0.237216	-4.63912
4.44438	-1.33204
0.525897	-4.1347
6.85856	-6.63053
-3.01299	-3.89016
-8.49456	-2.57547
-10.5484	-4.49963
-8.3618	-6.27238
-6.26822	-9.34328
-6.4163	-11.0334
-10.5903	-2.38638
-8.4918	-6.2165
1.61836	-6.44662
-5.17334	0.690628
-10.8089	-5.21224
-14.2263	2.70214
-17.1939	-3.55242
-8.49142	2.76468
-17.6682	-4.37959
-8.84812	-1.28645
-8.11934	-2.32689
-2.58588	-8.50925
-4.68957	-4.13482
-8.76659	-7.74587
-13.3947	-4.71217
-8.18107	-11.2244
-8.98012	-11.0355
-13.8334	-5.66212
-16.9495	-4.61239
-17.7723	-4.49542
-9.97145	-3.85107
-1.0071	-7.3586
-3.58738	-10.1378
-6.98227	-13.6634
-1.28416	-14.6864
-0.122312	-5.96572
2.40147	-6.60927
-12.0495	-18.7508
-9.59565	-16.7169
-7.56912	-20.6213
-7.01474	-18.3662
-1.66036	-14.9301
-1.98379	-16.0226
-1.76531	-15.7033
-2.03299	-9.81038
2.19437	-15.8001
-0.425162	-13.2074
0.8493	-9.48366
-0.916474	-2.35437
-4.53299	-10.3123
-2.87388	-14.7537
-2.39881	-15.4488
-6.82586	-7.92302
0.835626	-21.0455
2.78492	-23.183
1.77942	-20.9359
-0.402423	-21.3341
-0.937188	-23.4894
-0.382569	-23.0517
3.02373	-20.9852
-3.85945	-22.1665
-1.40203	-24.677
-8.05393	-21.3432
-1.77804	-22.2303
1.28054	-16.0838
3.5196	-17.6912
0.107452	-20.2875
0.922859	-19.8609
5.12358	-13.8162
0.93608	-5.84254
-2.90919	-4.77182
-5.02043	-5.93186
-7.90823	-2.92181
-4.07713	-5.80353
-7.61843	2.47976
-6.77393	-4.58989
-6.51831	-6.50036
-9.03828	-7.37415
2.54604	-4.59386
4.05485	1.00907
-1.67236	0.782253
-0.22845	-10.6314
3.17669	-7.90344
-4.4944	-6.39895
-2.45541	-8.34882
-4.4872	-5.48281
-8.1935	0.0995722
-5.65529	2.89745
-11.9218	-3.9528
-13.4667	-6.33552
-14.9602	-2.67276
-9.07182	-5.40875
4.59525	-12.5185
6.46757	-16.5409
7.54121	-10.8236
9.85366	-13.9174
4.62584	-13.9718
-1.69692	-9.41811
1.66427	-7.83098
-2.28293	-7.64296
1.78827	-9.14125
0.571228	-9.76131
-0.532776	-7.06175
-1.91574	-6.05698
-1.69339	-6.94241
-2.8123	-5.37976
-1.21149	-5.11358
-4.66976	-6.12981
-1.0141	-6.56536
0.718849	-6.76812
-0.24542	-9.44838
4.55535	-3.10951
5.09863	-4.87918
-1.20942	3.71944
5.49755	8.70933
-5.49661	-10.9573
-8.67573	-9.19581
-12.5528	-1.96013
-9.55715	-5.01593
-9.05444	-7.19741
-9.49197	-9.06504
-9.01078	-7.98485
-9.46503	-8.18474
-6.428	-9.73778
-5.6447	-14.8861
-1.7563	-21.4112
-1.74791	-25.2374
3.22559	-14.5164
3.8699	-16.9758
3.53226	-16.5317
1.27339	-17.9122
1.81873	-11.376
1.01751	-13.6441
4.97927	-3.95736
-7.27222	-11.226
-7.01003	-11.0526
-4.35464	-4.28517
-5.65776	-4.27341
-10.436	-4.70386
2.3342	-12.3193
-5.20959	-9.21355
0.474802	-8.17768
4.07389	-4.70692
3.12887	-4.42449
-0.609221	-12.316
5.88664	-16.3799
0.247923	-21.1437
1.05302	-24.9756
1.57905	-31.2554
3.10189	-23.4085
1.68573	-13.8572
0.936115	-18.1719
-0.452158	-23.5438
-3.51362	-16.3369
-5.59943	-11.8997
-5.63661	-10.0002
-6.00366	-9.49759
-8.48433	-10.1278
-5.06724	-12.4793
-8.09169	-9.09084
-11.2287	-4.21813
-11.4037	-6.83584
1.2322	-8.37694
2.33634	-3.3779
0.687469	-14.6603
-3.90687	-13.7896
-6.10374	-10.6706
-8.93488	-8.85148
-7.55241	-5.44296
-7.66287	-9.9572
-12.263	-5.88012
-6.41859	-10.7378
-5.5114	-13.5502
-3.55084	-3.23325
-4.55995	-7.7418
-4.52227	-6.4209
2.25075	-1.52043
-0.170459	-4.92709
-8.508	-12.6191
-2.03753	-8.89747
-0.375328	-11.2474
-4.12008	-12.7729
-1.68455	-6.03345
-3.59363	-8.02626
-5.49131	-8.30726
-0.273629	-7.69154
9.42137	-14.8835
9.10881	-12.1182
11.0255	-12.7035
4.83153	-10.8567
-3.46034	-10.431
-10.6056	-3.67923
-8.67729	-2.81039
-4.57775	-4.43957
-5.54735	-7.0939
-3.48942	-8.93408
-1.9139	-13.4497
5.96842	-9.13822
-0.403277	-3.92018
-1.42302	-5.41189
-1.26435	-0.543482
-3.94547	-2.85949
-4.77526	-13.8063
-6.38843	-18.0829
1.08088	-24.3125
-1.38982	-23.1753
-2.10072	-20.4644
0.954446	-24.1964
3.40255	-22.3054
6.60471	-14.6973
1.52531	-11.3334
2.86764	-14.1172
6.16134	-10.9119
5.10321	-12.199
6.49787	-8.88359
8.77396	-15.5466
6.90325	-9.99517
2.45363	-9.77139
2.39628	-12.7478
2.10657	-18.8452
-0.8917	-17.7547
-3.25485	-16.9177
-3.37332	-10.2302
-7.78302	-9.09956
-5.20729	-2.90909
6.19043	-8.96302
4.26122	-11.7299
-2.19084	-15.5345
0.399514	-9.72547
-5.74095	-14.5147
-7.33434	-9.61312
-0.176937	-0.689821
-0.0311585	0.165831
-4.63177	-5.98278
4.54243	2.66097
-6.87745	-9.09725
-6.56884	-6.06879
3.9484	-10.2428
7.24948	-13.8229
6.66967	-14.4785
8.27616	-13.3706
9.18393	-15.6918
8.51392	-13.4235
9.56277	-15.1496
8.73517	-16.9654
8.04038	-15.1488
10.5397	-19.4034
6.33696	-11.4961
-3.15499	-9.65943
-4.13933	-12.3903
-3.61094	-14.9398
-1.1116	-11.8527
-1.87006	-13.7559
-5.55831	-12.8199
-6.29046	-9.38889
-2.26529	-11.9187
-1.38976	-18.5818
-2.04093	-16.7824
-5.73655	-14.4012
-9.06127	-12.645
-5.5817	-11.5235
-6.97339	-9.01654
-10.0981	-3.52968
-5.31337	-10.1416
-4.31593	-3.01552
-9.08886	6.6275
-16.3649	-0.147982
-7.71164	-3.2452
-9.96055	-3.71505
-15.5622	-6.76326
-10.2678	-5.05997
0.656493	0.517931
-11.3099	-2.19729
-14.1401	-2.11456
-11.8492	-1.38262
-10.3615	-3.81152
-6.78024	-7.94863
-6.20309	-9.92277
6.2808	-9.85408
5.50192	-8.63378
-0.951915	1.2203
-3.64261	-2.52177
-7.04422	-3.083
-6.59593	-7.38888
-7.04356	-8.75688
-9.07415	-5.32861
-2.39445	-4.41837
2.30492	-9.13197
0.116034	-6.24772
2.15245	-8.00941
3.69239	-5.13183
7.05013	-9.69163
2.2008	-9.80505
5.1468	-14.5515
1.69614	-14.29
6.42936	-13.0021
5.89598	-12.1292
0.98326	-6.97538
3.17484	-14.1661
2.77962	-14.0456
2.63333	-12.188
3.55579	-7.792
8.83735	-6.46543
10.0749	-0.938469
5.94923	-0.0426853
1.62934	-5.24934
-0.0479744	3.80204
-1.25059	-6.59354
-0.421075	4.73599
0.333612	-4.10535
-0.0913063	-8.14414
-0.835458	-1.46841
2.35185	-9.68223
0.67001	-0.113462
2.34183	-6.11746
-1.57017	-1.64149
4.29535	-3.93483
-4.79581	-4.53962
5.84499	0.215736
4.31538	-6.7657
3.57004	-0.949453
-0.0420337	1.22105
6.05282	-3.81439
-8.96771	-16.402
-10.9232	-21.6465
-6.58238	-20.3201
-6.54533	-17.9234
-0.254813	-14.1082
-0.437123	-11.2203
-0.922243	-10.8845
0.799673	-9.93028
0.462858	-11.096
1.23154	-8.94331
-0.0903918	-9.12813
-0.183455	-9.08681
-0.476283	-11.674
-5.5293	-10.488
-10.4009	-7.92209
-9.83872	0.252261
-7.72467	0.963412
-3.44029	-2.06103
0.720388	-0.338829
-5.45423	-6.23598
-7.52951	-2.40377
-7.53099	-7.20736
-6.43903	-4.05603
-8.73092	-15.2145
-8.49405	-16.4824
3.02775	-9.87464
-0.447181	-15.5177
-7.14147	-10.7611
-2.40434	-15.373
-4.17513	-20.1081
-3.81299	-21.4379
-6.22992	-25.6799
-6.74216	-24.6394
-4.36807	-23.1725
-2.37212	-12.1449
-0.508837	-11.9858
-2.88252	-17.4652
-0.0154405	-10.7981
2.02573	-16.263
3.90116	-12.5283
5.04374	-16.6998
0.309713	-10.531
3.3898	-16.126
-1.28832	-16.2486
-2.30015	-17.2902
-2.74781	-14.3605
-2.70797	-14.5038
-4.37521	-12.9965
-8.25078	-12.4774
-5.20917	-8.7762
-5.53529	-10.2518
-5.25401	-11.8281
-0.627035	-11.4144
-1.3458	-8.22333
-1.71251	-7.74803
0.373152	-12.1417
-0.763791	-1.36283
-14.0582	-2.94043
-12.3624	-8.24537
-5.3121	-7.38139
-1.90912	-0.482016
-0.694873	2.63862
-4.01473	-13.9398
-0.52091	-10.859
0.318101	-10.3165
-2.53648	-15.6654
-5.81045	-14.8864
-6.1019	-10.1527
-7.69753	-8.82712
-5.89508	-8.2082
-1.98942	-11.5453
5.34357	-19.8218
3.51575	-16.3828
8.09296	-14.0956
9.47038	-18.7355
10.0855	-18.8985
-0.288656	-7.72881
-0.404558	-8.41576
-0.79025	-9.91578
-0.473861	-8.73182
-1.31813	-7.53617
-2.65541	-9.77091
7.19535	-3.49296
-7.31213	-3.61983
-10.1738	-3.36168
-8.27031	-0.628079
-11.1736	-2.41823
-5.70293	-9.03239
-3.57771	-11.6665
-9.01042	-13.3886
4.97277	-6.42653
1.77318	-15.2408
-0.58073	-18.3826
1.24072	-16.8572
0.190899	-16.1009
-2.58335	-15.4382
-3.12222	-11.0157
-4.61409	-13.9542
-6.4866	-11.9024
-2.52715	-12.0865
-3.5535	-12.6351
-4.96318	-8.44418
-7.86411	-3.42325
-10.4935	-4.37296
-2.88875	-9.15024
7.88879	-19.684
3.10343	-13.9712
-5.51264	-9.25931
-7.5628	-9.60287
-5.10699	-3.40512
-8.07403	-7.60053
-4.06682	-13.5527
-0.257322	-13.6107
-5.56424	-8.22489
-3.05463	-12.507
-1.90586	-15.553
7.6662	-14.5583
1.75915	-12.2572
1.16225	-18.0445
8.05451	-14.2535
3.74774	-12.2639
-0.508142	-12.5968
-1.48238	-21.1339
-2.46664	-18.7102
-1.32728	-21.3349
-5.67734	-15.966
-5.42166	-18.2069
-5.72453	-21.4291
-2.91249	-21.308
-0.571902	-18.5664
-0.345709	-19.9061
-0.713226	-19.8188
0.514991	-20.7017
-0.283737	-19.9914
5.78804	-12.8996
6.17996	-12.2502
8.62256	-6.81622
6.35018	-10.51
9.65728	-3.95485
2.79894	-6.10881
4.09609	-2.52727
1.95556	-9.13826
-1.26509	-2.25302
1.44072	-6.77418
-4.71511	-2.77817
-0.0851903	-9.48614
1.41692	-3.26713
0.832451	-8.17141
2.04247	-2.91174
1.22737	-3.12655
1.0436	-3.68038
2.069	-6.51004
0.292609	-4.83875
4.57501	-0.465023
1.23869	-1.54807
0.284737	-7.17272
1.76916	1.82133
-1.24049	-21.3099
-5.55076	-22.9353
8.41527	-13.3514
1.51992	-15.9746
-4.06616	-25.3401
-1.85125	-24.9282
-0.217352	-23.8976
-1.90238	-4.51673
1.59997	4.13815
-8.49562	0.0705327
-10.0346	-4.32467
-6.69154	-2.03872
-4.97768	-2.40641
-1.9562	-9.15251
-0.198433	-5.61565
-2.56097	-13.0442
-2.1496	-12.117
-1.29931	-11.8612
2.45827	-17.1988
4.39339	-18.4242
3.56644	-20.3779
-0.567419	-14.1678
-0.77319	-9.53565
0.335757	-13.37
1.37124	-11.0874
-1.78783	-11.4882
-2.53907	-8.78645
3.06746	-16.9079
-3.04196	-12.1708
1.22102	-21.3829
5.75787	-22.4312
8.88884	-26.5995
7.48449	-29.6163
1.30867	-19.0813
-2.14382	-19.0903
-5.24756	-14.7559
-7.39187	-12.4521
-8.94724	-9.14708
-9.36701	-6.52041
-5.37499	-4.84339
-6.70777	-2.10062
0.565517	-11.2475
2.67391	-11.4941
2.92262	-0.462034
0.322242	-5.80695
-0.528205	-11.3847
-4.87463	-9.5986
-3.17793	-13.8188
-2.66939	-17.9151
-2.59436	-16.6416
-1.73559	-22.6176
0.756165	-18.7803
1.45095	-21.8934
-0.511101	-17.8419
-3.63748	-17.6598
-2.41302	-21.9528
-0.409235	-14.6411
-0.536704	-9.48081
8.04222	-10.7173
1.23984	-4.22982
0.623533	-15.4074
-0.923627	-14.6895
2.85954	-19.0638
-5.24082	-19.3961
-3.38833	-25.1129
1.11665	-15.3633
2.81752	-14.3442
2.6287	-19.2843
6.57731	-19.035
7.12667	-20.7948
8.8382	-16.8138
9.09647	-20.4389
7.20137	-16.2299
4.35122	-12.0445
0.632173	-12.9075
2.15166	-12.2692
0.884435	-17.7951
-1.94257	-17.9404
-2.87332	-18.6035
-3.93001	-24.6268
-3.90777	-21.8027
-1.7959	-25.7636
-1.563	-25.8763
-2.31952	-21.9586
-3.64204	-24.218
-4.13798	-21.9742
-4.4105	-24.0671
-3.71255	-24.873
-3.46398	-25.1426
-3.48821	-31.25
-1.50511	-22.5965
-1.94724	-22.5094
0.859428	-18.3932
-0.062968	-12.8502
5.2197	-14.1861
8.01837	-10.331
4.48626	-6.01871
6.20425	-8.93573
4.63612	-8.71797
8.96626	-14.1804
5.13039	-10.6939
11.113	-9.23943
7.64296	-3.64677
6.93859	-13.2436
-2.01898	-11.0362
0.682637	-5.34885
-2.7635	-6.1065
1.60159	-12.6124
0.277201	-9.37755
-10.2406	-8.06201
-5.17362	-9.71459
-4.70845	-13.3071
-6.23799	-11.113
-2.8398	-15.1101
-2.95544	-16.223
-2.37063	-8.61018
-4.40952	-10.409
-1.11603	-7.91332
-4.54756	-14.3258
-5.62754	-5.89059
-8.77724	-10.0145
-14.2198	1.21344
-13.8031	-3.2861
-5.98554	-5.26848
-9.54035	-14.5727
-4.79973	-13.4989
-3.33082	-11.4316
6.26405	-2.75007
5.1084	-8.64323
0.810401	-1.49901
2.93838	6.17164
0.360218	-3.67748
-12.7641	-7.73007
-13.4519	-10.7272
-9.77168	-8.61863
-10.0403	-6.25889
-3.0542	-5.9459
-3.78087	1.05605
-8.01476	-5.55766
-13.4999	-1.79648
-19.3335	-8.25424
-11.4228	-5.83569
-13.7541	-7.99248
-12.4784	-11.0189
-7.68359	-13.4449
3.62941	-23.3489
-0.827486	-24.428
-1.60599	-23.1804
-2.32612	-28.4172
0.351669	-22.934
4.67369	-29.9307
6.00537	-29.3584
3.63283	-15.909
2.87908	-7.24447
4.30603	-10.7024
0.498959	-4.58662
5.12682	-6.7567
6.99405	-6.71551
9.17748	-11.7804
2.42068	-10.3267
7.13024	-24.8496
4.98815	-22.4407
4.4806	-16.7432
3.17421	-15.6479
-1.40222	-14.1061
0.151588	-16.5494
-6.84223	-10.1901
-2.2289	-6.57128
-5.9926	-9.19465
-7.25686	-3.55989
-2.25528	-2.81237
-2.86385	-10.0966
-3.4337	-8.0855
-3.34429	-10.166
-4.29108	-5.88814
7.29351	-1.31188
1.62071	-9.00133
2.02504	-2.44292
-6.82255	-7.08585
-6.30043	-7.87332
-8.56261	-3.02667
-10.5709	4.71816
-12.318	0.50938
-11.2863	-2.23763
-9.64025	0.495081
-17.1526	-0.739678
-12.9406	-4.00004
-14.5694	-2.61565
-15.2206	-5.36207
-14.9704	-1.05611
-9.90206	-4.66405
-0.779151	-1.14002
-3.81892	0.235486
3.70473	-4.13645
3.01818	-2.86403
-2.29036	-4.69578
4.56886	-5.49944
5.0056	-5.25701
-1.03753	-10.4102
-2.60612	2.50138
1.96188	-4.5759
1.98656	-5.71165
4.07483	-0.600996
1.54537	-0.962305
1.13329	2.80937
3.00314	-4.81964
2.69726	-5.44346
5.15898	-3.51087
2.46947	-2.66075
3.26932	-2.39991
-2.64718	-3.70623
2.17149	-4.52168
1.12568	-7.80557
3.84021	-6.76753
2.72296	-1.82868
-10.6339	-15.2962
-4.63299	-12.5676
-10.8254	-20.1365
-7.00605	-18.9157
-4.25089	-14.7029
0.944316	-9.12258
-13.5318	-18.821
-8.34642	-20.0471
-11.3877	-18.2986
-7.00294	-17.8071
-9.90755	-20.0951
-4.10575	-17.7495
-2.17576	-19.9018
4.4031	-8.77046
4.05735	-4.02674
4.87378	-4.1334
3.00271	-11.4829
4.11756	-5.29529
0.927574	-6.88527
-8.51651	-11.2764
-2.14636	-10.9346
-4.49477	-27.4856
-4.68548	-24.1119
-5.22365	-31.0013
-2.67797	-24.9498
-0.933582	-30.5804
-0.450418	-26.5697
-3.26349	-30.1373
-5.599	-24.8301
-9.57012	-23.8877
-14.3967	-12.1049
-4.84404	-15.2698
-0.428275	-16.295
-2.00059	-18.9101
-2.01728	-18.849
-1.6275	-18.4855
-3.47205	-18.8923
-4.0178	-24.012
-4.76975	-27.3766
1.42466	-19.9636
3.22433	-19.7586
-1.13878	-16.7022
-3.92042	-20.0173
-5.39795	-14.4792
-8.80611	-13.5122
-2.61597	-21.4168
0.616696	-19.7694
-2.89011	-4.97543
-1.52293	-9.54379
-7.54003	-12.8108
-4.6681	-4.54699
-8.89761	-14.1348
-6.17241	-18.361
-0.735667	-16.4234
0.621168	-5.35951
-5.54836	-10.2082
-8.05188	-10.6213
-2.4589	-13.4078
-1.73395	-16.6308
-1.01931	-11.8209
4.15371	-9.92272
6.17649	-13.6162
4.79299	-18.0646
3.23534	-16.6213
7.31554	-22.5004
7.98291	-19.9776
7.71667	-20.9876
10.807	-18.3045
12.3285	-21.7751
9.66706	-16.8845
1.03943	-18.918
2.12143	-26.152
0.246332	-25.7089
-2.18989	-25.2175
2.17343	-19.3122
1.71259	-16.6181
2.65126	-15.8132
0.0953712	-8.35989
-0.37693	-12.3861
4.70406	-7.49848
-5.70171	-5.06675
-1.35717	-0.357843
0.112206	-0.356235
0.11013	5.76183
0.407567	-0.165449
7.29743	-8.51866
-1.05168	-11.3687
-6.05555	-9.64908
-7.27764	-10.3851
-7.85655	-13.5579
-5.34388	-12.6673
-7.82977	-15.6643
-7.49031	-14.6245
-6.71571	-14.7529
-6.43269	-17.9654
-3.33719	-15.1905
-5.50974	-16.4573
-2.26284	-15.0619
-0.0136492	-16.2167
-5.31954	-9.5163
-7.49305	-6.04251
-3.78122	-0.253094
-7.03249	4.28278
-13.6661	-3.62021
-10.382	0.177743
-4.55536	3.35317
-1.41071	-4.39525
-2.60925	-6.0729
0.928843	-2.47045
3.74784	2.47763
-4.44597	-3.48403
-1.88416	-5.62316
-4.58648	-7.00848
7.12604	-11.4257
10.1727	-13.6427
8.62064	-14.5779
10.0359	-10.4931
10.2302	-11.6213
5.64876	-9.10816
3.65241	-9.21079
5.95685	-10.44
11.6748	-0.167487
-0.0603099	-7.67704
0.318389	-10.3841
-3.98712	-12.1726
-10.148	-18.225
3.70854	-9.54772
-1.36243	-18.5968
0.81333	-9.0182
-4.73468	-13.3516
-5.28087	-18.0171
-0.661944	-17.9565
0.452859	-18.0878
2.18407	-22.307
-1.80202	-22.9266
1.01853	-18.3417
1.35766	-17.5205
2.15636	-17.7704
6.18344	-11.6625
3.37335	-12.0195
2.27434	-9.90592
3.62218	-11.7465
5.83446	-10.0392
5.83614	-14.8381
2.51916	-12.2106
-3.63965	-11.2943
-9.52812	-8.24289
-6.45073	-15.0491
-6.44259	-9.65212
-9.79055	-14.3174
-2.78506	-11.5507
-5.20464	-11.6221
-8.04125	-11.0513
-12.904	-13.0945
-6.86067	-9.07057
-14.3364	-7.65773
-11.6952	-9.29565
-7.08215	-11.338
-5.76099	-11.5929
-0.777214	-6.23178
-6.77802	-12.9671
-11.2309	-8.27419
-7.9151	-9.64476
-1.97451	-7.85502
-3.98166	-2.29499
0.21905	-0.836135
-0.744155	-10.031
-9.41126	-5.25401
-2.58458	-12.2088
-2.35154	-10.1621
4.06526	-2.92344
1.73438	-2.62108
0.456571	-5.43589
2.89519	-8.6247
1.49028	-6.96219
-1.85338	-3.62986
1.47666	-5.62864
5.01135	-1.71352
1.07286	-4.9413
-0.776046	-4.31333
6.21821	-4.4675
5.81257	-1.08252
0.467952	-0.752074
-4.67792	-4.64609
-6.01913	-6.5175
-1.38435	-6.90348
-5.97497	-2.2071
-11.7398	-7.64709
-9.1677	-12.3734
2.29349	-4.48004
4.49734	-23.4612
3.99838	-25.8767
4.29202	-27.7084
4.45702	-22.5243
6.33369	-26.0795
2.0876	-13.9564
-2.55254	-13.8721
-4.37281	-1.894
-5.0824	-7.00062
-8.20831	-7.14716
-10.1662	-15.5113
-5.89602	-7.25678
-1.67495	-15.5594
-6.09973	-8.73295
7.91332	-8.90915
-0.572517	-15.1207
-1.09941	-14.7666
0.162565	-11.6796
-2.39071	-9.45697
-0.854404	-8.10854
-2.39046	-7.57136
1.09307	-7.82
0.45362	-9.9559
2.69092	-11.5524
2.20969	-13.47
1.82303	-16.5012
1.7924	-17.5243
1.00514	-19.8009
2.63307	-17.8111
2.33065	-14.6779
0.407009	-15.2637
0.884681	-14.7329
0.889435	-18.0465
0.319165	-13.8396
-2.76468	-10.3219
4.02804	-18.1324
7.16532	-13.3148
-11.959	-6.60203
-5.84565	1.36763
-4.13629	6.40333
-18.8666	-5.09365
-13.1429	0.823016
-11.5986	-7.36864
-7.49502	-4.01747
-2.74621	-8.06115
-2.23673	-23.6743
-1.93947	-8.0545
-1.24441	-12.8074
4.53428	-3.82217
1.58537	-2.18462
6.61309	-6.83038
-0.35284	-2.81472
-2.18584	-3.84473
4.66273	-8.3766
3.94714	-6.94515
-6.97162	-12.63
-5.23549	-20.3161
-5.65548	-17.2095
-5.87883	-18.9664
6.3532	-14.8268
3.53574	-14.4119
5.36682	-11.1715
5.39311	-11.1713
4.8168	-12.2066
9.2714	-11.8937
7.11154	-11.1128
10.265	-13.1037
11.6065	-17.2746
9.36171	-13.3513
12.73	-18.3206
8.80118	-16.4829
0.287909	-14.1099
-0.986869	-19.2152
0.28279	-19.3237
-2.19408	-20.7003
-1.24505	-23.277
-2.37106	-20.9443
-1.78552	-24.5701
-1.96423	-21.9612
-1.10768	-23.3243
-0.684178	-23.0883
2.27595	-21.3969
0.303741	-15.4133
-2.05651	-14.9842
3.36505	-18.3391
6.55686	-0.916217
-5.40352	-7.13718
-5.09822	-10.0405
-9.47364	-5.73766
-1.59933	-3.12386
-8.54077	-5.22494
-5.28333	-7.76851
-6.99873	-4.18114
-8.734	-5.65323
-11.3269	-16.4822
0.348045	-9.09496
-2.18906	-12.3092
0.645085	-10.574
-0.45316	-6.3258
-4.21563	-7.4903
-1.2477	-6.8455
3.25548	-4.32423
3.11875	-15.5765
5.3996	-8.19866
11.6542	-3.73926
0.223874	-18.6655
3.12213	-19.707
-3.23532	-8.99321
-8.84128	-5.40877
-8.37633	-9.96058
-7.82698	-12.1075
-6.17201	-7.2664
-9.84444	-6.34254
-14.7005	-4.57156
-9.79692	-1.0341
-9.08348	-5.60039
-2.15386	-13.5387
0.239226	-21.9556
-0.69862	-25.9983
2.32574	-19.4835
5.57709	-16.6397
5.85431	-12.7378
5.33885	-10.2571
3.70509	-11.0158
6.63661	-12.2868
6.17185	-9.4465
2.99573	-4.6242
5.32465	-8.51579
4.39462	-3.81888
-1.02983	-11.0868
2.27813	-13.8894
1.03171	-19.7142
-0.733974	-25.2235
-1.50376	-26.5925
-2.29575	-22.2386
-1.96098	-22.5985
-2.36206	-24.4582
-3.11895	-20.7743
-3.2781	-19.7705
-4.05468	-21.2676
-3.95706	-26.7449
-4.81681	-22.8359
-3.17286	-22.6163
-3.83335	-25.4001
-5.75297	-24.0842
-3.60222	-17.0743
-0.00654859	-12.756
-4.2545	-10.5168
-2.44865	-10.245
-1.16534	-11.3896
1.43311	-6.4664
2.98624	-6.86952
6.89997	-3.23866
-4.62364	-9.99349
-5.36451	-7.99261
-1.43314	-13.4039
-2.72258	-4.47278
-2.39061	-9.0363
-2.82583	-5.7524
-4.63481	-2.97334
-7.17849	-4.23917
-9.08973	-9.14113
-7.53265	-10.2022
-4.58256	-6.65606
-6.60256	2.06554
-4.05254	5.11464
-6.1059	2.6375
0.130182	-5.92001
-0.805593	-2.42304
2.9268	-4.05437
-2.14207	-3.2578
-0.4555	-4.8504
-0.132033	-7.98264
-0.0863038	-10.0624
5.78643	-7.39229
1.27755	-10.6245
-3.45406	-11.0001
-1.65735	-8.58124
-0.814903	-16.2297
-4.40704	-23.0957
1.78248	-18.1171
2.05677	-21.2964
0.862998	-28.4443
-0.469151	-23.8457
-0.380983	-27.2752
-1.82573	-24.4279
-3.50557	-28.7138
-6.12821	-24.7132
-7.36768	-25.8167
-6.10334	-24.9912
-3.46816	-24.5469
-3.26558	-25.8378
1.53824	-24.1894
-0.697074	-22.8968
0.442005	-20.5797
0.241922	-20.4266
-0.370466	-19.8298
-2.11468	-18.5099
-2.78345	-20.7432
-0.53217	-20.7087
-1.94906	-22.8864
2.23123	-21.5208
1.39134	-20.8168
-0.509076	-15.0754
0.234924	-12.1522
-0.140217	-16.0405
0.407674	-12.4216
-1.71108	-13.0774
-0.529182	-12.0039
1.16053	-12.2109
1.85597	-14.2988
4.04088	-17.3011
0.498076	-14.317
0.575763	-16.7305
-2.35392	-13.9939
-1.5979	-12.3402
3.32261	-8.23536
-9.77864	-7.09283
-1.59859	1.69842
-9.60514	-12.5118
-9.69278	-10.8105
-7.67757	-6.66563
-6.60061	-13.2937
1.79195	-7.02996
7.94038	-0.0880223
-4.62245	-10.1754
-6.69746	-7.83083
-4.51699	-9.39481
-6.53312	-9.03113
-6.62055	-7.78196
-7.23716	-9.18748
-10.4032	-8.29423
-7.6395	-7.19933
0.63076	-0.404264
4.99637	-7.01721
-3.11645	-1.53208
-8.25986	-5.48055
-6.56795	-8.73388
0.741813	-4.58684
-10.2315	-7.45874
-8.58768	-8.21091
-7.87226	-11.5036
-5.64238	-12.125
-8.39653	-12.5586
-2.99324	-12.2375
3.52385	-5.91836
2.07235	-9.76501
-0.326491	-4.73715
-2.80717	-7.34076
0.658802	2.32812
-5.15677	7.985
-5.99883	6.70009
-6.14684	-0.498239
-2.57992	-4.6874
-0.232795	-9.95459
-1.33429	-12.1384
-4.5442	-11.1485
-2.15677	-17.3356
3.31675	-20.1996
3.81501	-14.9958
0.898223	-19.8129
-1.78071	-12.7052
-6.1361	-8.62369
-7.63215	-3.57969
-4.70406	-4.71695
-4.87341	-7.05048
-2.18837	-9.18711
4.3372	-18.5068
2.73462	-20.6416
3.73234	-18.9765
-1.69866	-13.0092
1.89544	-12.4017
6.497	-4.27668
-5.05196	-8.88985
-7.89271	-22.1582
-6.32598	-9.74058
2.70135	3.57048
-7.86046	-9.47951
-10.9357	-9.81657
-9.48705	-7.91048
-9.46188	-7.56803
-1.565	3.99639
5.99878	-9.26686
1.46811	-6.08532
-2.77342	-14.5416
-5.09882	-10.7171
-4.82378	-13.0643
-2.31194	-2.38649
-5.03023	-6.68268
-7.98404	-8.21873
-9.611	-5.19775
-7.8955	-6.73486
-6.71175	-12.4447
-4.98877	-10.7587
-4.41275	-12.127
-4.08068	-13.2328
-2.43484	-12.7491
2.59746	-12.7168
4.19065	-11.6257
3.75828	-11.9405
3.14376	-9.45205
4.27359	-2.08228
-0.670967	-8.23674
0.601878	-22.378
1.65612	-19.3655
0.722517	-18.4394
-3.11275	-22.6185
0.824815	-20.8662
0.200697	-21.7847
-3.30254	-19.9874
-2.44633	-22.2042
-3.0847	-20.6403
-1.48415	-22.4209
-2.80366	-25.239
-5.31053	-25.3314
-3.7169	-27.5866
3.35914	-16.2462
-4.34472	-9.27792
-2.60524	-8.31436
-3.14081	-4.14757
-2.70638	0.474713
0.885705	3.45543
2.29088	7.84694
3.87053	-2.11968
-1.0836	4.76709
-7.35348	3.46805
-1.16223	-1.43444
-1.68792	2.85178
0.62349	-0.784794
3.68083	-8.33634
0.570721	-0.542107
3.7407	-6.30393
-0.984064	-3.26035
-5.0242	-9.10319
0.378216	-3.33605
-3.14979	-2.2189
-0.383646	-9.52945
2.53767	-9.75917
0.366717	-5.07087
-4.0074	0.112222
-0.209593	-5.38642
-7.03176	-3.6418
-0.250581	-6.59681
7.61749	0.734217
-1.27937	-8.69906
3.46864	-4.31794
0.623294	-3.8604
-2.43468	-6.59946
-5.25981	-8.45353
-2.23593	-16.7502
-0.107061	-14.4179
-8.59871	-13.9999
-4.87126	-14.9256
-6.91773	-12.5714
-9.19284	-11.1808
-6.93421	-10.0654
-8.18619	-11.0542
-5.0901	-10.7379
-3.89281	-10.2557
-9.58168	-1.96976
-9.75126	1.53516
-11.4611	-7.76471
-14.4055	-6.64028
-8.29284	-10.2294
-0.657512	1.86334
-6.67228	-8.42813
-9.2926	-10.3363
-7.59943	-11.6493
-4.43865	-16.2601
-2.13774	-12.7479
-0.803432	-6.84741
-2.65155	-8.26978
-7.02667	-8.11195
-7.68661	-7.37364
-1.70697	-8.7536
1.19423	-10.2738
-4.35825	-8.30066
-0.653258	-12.6622
-1.28242	-10.3098
3.50736	-8.56616
-1.89166	-7.36413
-3.67221	-7.34841
-2.77422	-9.30772
-2.42572	-9.74219
-0.90496	-9.56078
1.99139	-11.5278
-0.585787	-9.55313
-2.63761	-6.18749
-3.14029	-7.87169
-2.27003	-5.70478
-3.84605	-7.52515
0.623892	-10.7781
-1.52966	-13.269
-1.79383	-11.1194
-3.57717	-11.0699
-2.66617	-11.678
-4.05293	-2.31831
0.806388	-3.64027
-7.78698	1.77366
-11.8861	-2.64211
-3.20392	-1.89354
-4.1263	-10.2945
7.78516	2.08915
-3.74178	-6.68492
-11.1699	-6.05961
-8.17754	-9.43148
-3.26736	-13.2612
-1.54209	-6.60398
-5.74105	-0.040734
-7.25006	-3.66959
-5.27782	1.2504
4.3784	-1.48447
6.14094	-8.91888
2.60947	-8.40137
-2.35628	-4.35553
0.519302	-11.3785
-8.21617	-10.269
2.4189	-18.6605
-3.1006	-12.992
0.050702	-25.1553
0.373709	-24.5072
-0.193556	-24.3897
0.356883	-28.9977
0.227682	-22.54
2.55806	-22.8245
1.28131	-19.3017
10.0233	-6.978
3.79782	-13.5937
-5.94992	-13.2844
-3.77086	-10.0671
-7.10574	-4.27592
-5.77802	-8.33517
-1.07092	5.47167
2.02123	-19.7298
-4.89042	-13.5683
-6.32282	-16.5068
-4.99549	-12.1423
-6.05721	-14.314
-6.04871	-9.69321
-7.13147	-11.3362
-9.48076	-9.76195
0.0902482	-3.11146
8.06115	-3.03052
-0.493022	-6.74308
-3.09034	-11.0454
-7.40761	-8.52555
-8.46853	-15.1282
-1.25834	-10.6833
0.554277	0.499772
3.70624	-19.4763
7.2044	-14.1625
4.52844	-22.7502
5.75582	-22.6491
0.904809	-19.1248
-3.03427	-19.302
0.0062774	-24.7567
3.62925	-21.7245
4.25662	-21.5577
3.45671	-23.5885
4.11032	-25.1439
5.64027	-20.5224
8.45006	-10.9432
8.46229	-15.4476
5.47675	-14.3117
5.87164	-15.3409
4.6706	-10.6963
2.42651	-15.0656
-6.06857	-18.5674
-7.45085	-17.7166
-7.58583	-17.1145
-6.76039	-11.9155
-6.44836	-14.0925
-6.21008	-16.0675
-5.75094	-16.16
-1.87222	-15.1612
1.49969	-7.77525
-1.53488	-3.49415
-12.4875	-6.07373
-10.9596	-6.15454
-11.066	-0.467877
-17.8295	-7.31572
-8.88598	-6.1016
-12.4264	-0.485088
-13.0905	-6.33511
-11.1315	-9.18401
-6.74846	-7.98032
-6.97137	-9.51583
-12.7285	-5.53989
-7.04971	-7.70305
-4.58361	-3.15737
-6.80193	-3.76728
1.41878	0.676776
-3.19506	-6.45675
3.04901	-4.15846
-4.85738	-8.73207
-0.684454	-8.94453
5.61479	1.58718
-5.55059	-15.6764
1.15806	-12.1315
5.93372	-13.6841
5.54093	-12.2183
8.11852	-17.4246
5.43354	-14.2461
3.54926	-16.3195
-1.60956	-9.38499
-1.07644	-11.802
-0.325402	-2.35511
-3.1028	-5.83157
-9.89973	-5.33832
-10.7052	-3.86711
-3.83573	-10.6805
-5.1696	-11.9986
-6.33918	-8.74947
-3.88848	-15.0207
-4.01421	-11.6753
-2.23049	-13.112
0.522972	-11.5419
9.1555	-18.6758
6.48556	-15.5489
7.58079	-15.1448
8.04846	-14.7542
-1.62803	-12.6325
-7.44069	-8.3847
-6.76836	-7.23354
-9.64495	-9.42604
-11.6592	-7.92146
-14.141	-9.0586
-16.3303	-8.66908
-17.7212	-8.73775
-17.3037	-7.98905
-18.104	-7.26354
-15.4243	-7.54382
-16.0619	-5.30356
-12.1641	-3.50903
-10.8384	-4.1077
-12.1308	-5.03597
-10.283	-6.96197
-12.5384	-6.30741
-11.0254	-3.46967
-8.68224	-2.56679
-8.17999	-3.83375
-5.97626	-4.1138
-6.35267	-3.44841
3.09802	-9.67087
7.3019	-13.593
7.7066	-14.5305
6.56203	-15.7952
7.22039	-19.4507
3.62058	-17.9822
3.91422	-18.0461
1.03143	-16.8789
2.83413	-10.2132
0.925813	-7.38519
-2.69383	-5.7765
-0.994299	-15.683
-10.6631	-9.47528
-7.44518	-11.5643
-7.34224	-7.79598
-7.03584	-10.5594
-3.39964	-13.379
-6.36021	-12.534
-3.89891	-10.7496
-1.3097	-11.968
-3.98649	-9.62751
7.64419	-16.9507
7.82318	-16.834
9.19616	-15.6707
9.75515	-14.6417
0.142227	-7.46181
1.14284	-9.89872
3.42132	-14.3188
0.00528947	-14.9972
1.33125	-20.3011
2.61183	-16.7571
2.70597	-12.8598
6.95022	-5.49856
5.30777	-5.42814
0.962501	-11.1567
-2.4554	-21.665
5.38893	-10.6782
0.492027	-25.0245
-0.538524	-24.3953
6.12757	-25.5627
5.81645	-16.098
4.17533	-13.995
5.50704	-5.63934
7.7523	-9.17596
2.31393	-7.96748
2.52328	-8.20398
4.59258	-12.6359
8.78857	-9.04138
1.6742	-5.11745
0.508575	-0.172705
-8.22059	1.76562
-3.84257	-5.04
4.70935	-10.2271
2.09076	-20.677
4.20012	-27.6397
1.4906	-26.1822
-0.310879	-18.6476
-7.38136	-11.9395
-5.98668	-13.592
-12.9108	-8.44098
-5.53337	-11.2761
-7.21491	-8.66751
-12.5296	-4.37733
-9.66038	-8.85962
-5.81165	-10.9199
-1.78701	-5.54367
-1.08242	-6.07187
-4.22315	-9.8857
-1.83926	-10.3182
-0.276482	-7.3429
0.10357	-6.56234
1.89472	1.65615
-0.86808	-7.50083
-9.28348	-2.42831
-5.54967	-3.37181
-6.99833	-0.697905
-4.85909	-5.06165
-0.7862	-11.1173
-0.116604	-7.36502
-0.63292	-3.1916
1.94692	-4.65078
-1.87208	-4.4464
-4.68711	-9.00503
4.54703	-5.57117
-0.394223	-6.27062
-2.01453	-6.01811
0.429339	-6.31338
-1.00389	-3.76901
1.5193	-4.84484
1.50799	-8.24937
-2.70856	-7.36175
1.94876	-5.4508
2.27651	-6.48206
0.228066	-12.7697
0.708425	-23.3722
1.57482	-19.1948
0.037607	-20.5181
-1.58082	-14.0592
-6.02998	-12.7068
-7.43352	-9.30933
-12.645	-9.48306
-13.711	-7.09024
-14.2719	-8.54812
-13.6202	-9.32574
-10.1852	-5.14103
-12.7647	-4.36114
-6.7301	-2.54109
-7.62098	-3.4495
-6.08617	-1.68407
-2.32555	-3.20898
-0.775499	-7.83667
2.71228	-13.8792
2.73026	-22.3335
0.890348	-24.5233
-0.926271	-29.7914
-2.42247	-24.6718
-3.12122	-29.7452
-1.8237	-25.1045
0.0987262	-27.9292
2.96095	-26.0274
6.56426	-28.4412
8.16284	-18.015
6.3682	-17.5013
2.20055	-12.6377
3.19708	-16.0872
4.9216	-21.8658
-0.975748	-19.0051
2.4286	-19.9157
4.43963	-19.9651
3.16519	-12.8574
-1.15656	-11.2098
-1.86822	-10.4076
-1.01101	-10.8337
-2.03846	-11.5807
-2.48773	-11.7655
-2.01239	-12.5149
-3.84363	-14.4612
-4.44982	-13.383
-5.21334	-10.1336
-7.40042	-11.556
-0.626708	-14.1733
1.06794	-1.92132
-8.24539	-0.931069
-12.4895	-4.27061
-10.7165	-1.88172
-10.9127	-7.97776
-11.5147	-6.58516
-4.2436	-12.2515
-6.74757	-8.1101
-0.780071	-1.33643
-1.91241	-8.67671
2.30899	-15.5822
2.95488	-14.2243
2.32829	-16.2547
2.52471	-14.3667
5.6346	-15.5903
1.69598	-14.8543
6.6113	-4.05807
3.46209	-3.20395
3.86595	-8.1671
-7.39566	-6.46189
-0.703061	-7.19935
-14.1403	-1.99148
-12.9045	-3.90942
-11.777	-3.08367
-11.3963	-6.15688
-11.0983	-3.07581
-4.91524	0.48013
-12.6027	-1.45138
-14.2828	-3.6912
-6.3807	-6.90028
4.55802	-5.27438
1.45894	-6.0637
2.07215	-6.6616
-0.917699	-15.456
-4.58265	-12.8496
-0.558022	-12.2827
5.29286	-8.95936
7.16282	-6.90032
3.14973	-6.01219
-1.41753	-6.71892
-2.49831	-5.25183
1.19842	-5.25611
-5.13538	-11.1299
1.89065	-11.2945
5.21048	-6.35753
-1.12823	-27.9817
0.286626	-23.8592
1.4824	-21.8576
7.35735	-16.1605
7.55001	-19.3931
4.13176	-19.331
3.43448	-18.0975
4.81397	-19.7741
2.18336	-15.71
0.851694	-11.95
-5.81162	-10.1864
-6.79177	-5.74195
-1.15656	-9.26331
-4.83119	-0.183114
-2.67157	-5.48598
-0.151862	-4.36919
-1.44608	-2.28658
3.88795	-1.21803
-3.93678	-7.70403
-0.353311	-15.6604
-0.719263	-13.4167
-2.55779	-9.65229
-5.41644	-5.39538
-6.97068	-3.43814
-10.6646	-1.21346
-7.66455	-6.78119
-2.12653	-5.98554
1.05815	2.43241
-0.21291	-0.867073
-7.32618	1.97369
-6.77448	-4.61235
-13.5899	-13.6334
-2.96798	-3.09871
-3.09007	-13.9617
-3.28319	-12.9971
8.46635	-6.88195
-3.40297	-9.03692
-3.37059	-14.3834
-4.43195	-13.7101
-2.71992	-9.25017
-1.38002	-6.27997
1.66988	-10.994
3.3461	-11.732
6.11043	-12.9261
5.6251	-15.6343
5.00267	-12.9104
0.880956	-8.37566
-1.99587	-6.86483
-2.7289	-5.14359
-1.19318	-2.12166
-1.83172	-1.03759
-4.47498	-1.11769
-3.63703	-3.30943
-6.21446	-4.53235
-4.81349	-5.54129
-7.61065	-11.833
-4.57092	-17.1312
-6.40591	-21.4729
-7.65525	-11.4731
-0.25188	-10.736
0.207834	-8.7091
-0.648546	-12.3961
-1.55968	-3.37165
5.03856	-3.08034
3.72049	-9.55785
3.59816	-2.88072
1.92333	-2.98112
3.60454	-14.2376
-7.81095	-14.2057
-6.34055	-21.3111
-10.0869	-13.9156
-4.63647	-15.3448
-2.3699	-13.279
7.66572	-12.6984
10.292	-14.0982
7.97371	-14.0044
8.27837	-14.7661
-0.620556	-11.0599
-2.69077	-10.8903
-2.75756	-9.31326
-5.66093	-9.50044
-4.82109	-8.99948
1.74068	-16.3153
1.42372	-12.6218
0.841793	-0.91747
1.83545	-3.13201
4.83006	-1.67885
-2.70061	-1.84878
2.77439	-12.8026
-1.47335	-11.7053
-8.38808	-6.91352
-9.82275	-6.34934
-8.04403	-8.55938
-10.737	-8.34174
-11.619	-8.0542
-4.46911	-12.4383
-6.86929	-9.16439
-5.44493	-1.60977
-3.8324	5.51646
-3.83718	1.6546
0.876123	2.25167
-4.07104	-8.98452
-4.59225	-3.20028
-5.8399	-4.01391
4.74407	-1.25585
0.225869	-5.98024
4.42501	-10.6447
-0.337627	-10.9226
-10.3673	-3.96323
-9.08627	-8.27537
-11.7626	-8.21022
-6.91932	-9.36521
-5.67105	-14.2581
-3.49673	-8.55017
-2.37073	-14.1717
-4.74145	-15.5323
-0.780215	-6.79611
2.73736	-4.76361
1.15801	-8.2052
2.21227	-10.8201
0.95839	-0.58883
4.24397	-5.88878
4.22446	-1.24741
0.10148	-6.50776
-8.55418	-7.33126
-11.4994	-6.88676
-5.84006	-12.1242
-6.03891	-9.53722
2.80783	-4.07865
7.57949	-5.99156
5.47879	-4.69726
-3.34185	-15.0399
-7.3766	-17.1653
-2.00071	-19.1976
1.86864	-16.4567
3.32082	-32.8581
2.41636	-26.7882
4.00075	-31.2568
3.45784	-26.9312
4.9994	-25.5297
7.6871	-27.1177
2.54483	-18.6836
2.67629	-20.8324
3.60488	-16.9591
2.48909	-14.5779
1.5358	-3.05064
-1.00431	-9.54109
-3.66752	-9.94793
-8.65839	-4.69086
-2.96714	-11.8569
-0.65356	-13.2842
-7.89122	-17.9225
-8.57236	-15.6327
-6.14437	-12.6379
-6.06125	-11.5307
-2.83307	-13.0462
-5.92539	-12.7631
-6.36626	-11.2273
-6.84083	-10.6045
-6.62574	-10.3702
-3.76458	-11.9021
-3.33907	-17.9081
-4.0428	-21.6162
-8.001	-21.1275
-7.45013	-17.2844
3.94144	-19.1283
6.11367	-22.5525
3.5913	-16.5392
3.43346	-22.7769
3.90544	-14.1277
3.77504	-4.4631
4.33049	-12.4853
-8.45681	-10.3482
-3.09779	-16.796
0.0214524	-16.2947
-5.0674	-15.2866
-4.60063	-12.1109
-3.78242	-15.709
-0.306265	-16.4754
-1.97386	-10.0382
0.454526	-18.7493
1.19537	-17.609
-1.46563	-15.8741
-3.38719	-9.61539
-2.52147	-8.44297
-2.91867	-9.25147
-5.23995	-10.3933
-6.58022	-9.02253
-7.77538	-11.6096
-8.03253	-11.2196
-4.76483	-7.86932
-2.95644	-11.0756
0.0102411	-13.2202
5.98716	-11.534
8.11488	-25.4273
6.71325	-22.1698
5.38849	-20.0959
3.55374	-20.0213
-3.0341	-15.4628
-12.4827	-12.605
-11.8283	-14.1953
-12.7198	-13.4483
-13.7055	-19.5833
-8.52388	-21.1504
-6.7554	-25.4244
-2.90232	-19.7423
-0.598088	-21.0275
-1.80039	-12.5752
-2.72332	-12.288
-0.0813373	-12.1448
-0.597698	-16.106
-5.91319	-9.04591
-2.4626	-16.1012
-6.21056	-9.91603
-7.72592	-7.48017
-9.62899	-7.06239
-10.8508	-2.40987
-11.6485	-5.29773
-13.1576	-8.35735
-10.5406	-12.0761
-2.07804	-13.6272
-0.0914137	-16.7737
1.01472	-14.12
7.01986	-18.448
5.93225	-20.2987
5.56394	-20.7654
6.55147	-17.7814
2.16939	-17.2964
-6.77128	-8.59204
-10.2315	-11.4863
-8.79662	-18.7216
-4.25602	-21.0945
-2.02741	-22.361
-1.46068	-22.9536
0.781426	-18.2277
-0.378783	-13.4271
-4.53244	-8.04161
2.26301	-2.81454
-1.58108	-1.17704
-5.4248	-1.7387
-5.85978	0.777266
-6.34213	-1.18868
-8.18607	-5.92104
-7.18032	-5.20242
-2.00393	-3.00141
-3.53042	-4.23685
-0.647271	-6.23739
5.52336	-2.92608
-6.26387	-10.9406
-9.2384	-6.64823
-10.1329	-6.18952
-0.54022	-7.13047
0.0923752	-9.32068
4.77193	-15.2846
5.99223	-20.2806
7.67634	-26.5683
2.82289	-23.4638
1.19897	-26.7827
0.155327	-30.4832
-0.361119	-25.0778
1.38989	-29.1178
0.758464	-28.6432
-0.288067	-22.8771
-2.19229	-19.7408
-0.427178	-17.2918
1.37709	-11.0916
3.12581	-16.3044
-2.05733	-14.477
-3.83178	-12.9859
-3.11825	-17.0224
2.19504	-14.4677
2.79622	-6.54913
2.08402	-9.41358
-2.98589	-22.6609
-6.09685	-21.5814
2.32361	-22.0768
7.04114	-13.8049
1.94881	-18.2668
3.68505	-14.4305
5.82513	-4.57474
-1.36637	-5.27454
-0.0201994	-12.0014
6.96525	-12.9498
3.75602	1.20207
-0.690319	-4.13988
9.80263	-2.72818
1.67274	-3.08246
-1.40472	1.73737
-0.835643	0.690433
2.17785	-3.26023
-2.6739	-1.58662
1.96634	-2.44346
-1.85741	-5.94014
-7.76234	-8.81076
-1.84421	-0.535735
2.0145	-4.17236
-1.32597	-3.27579
-1.24773	-7.81529
-0.275358	-6.79418
0.134501	-1.62548
